8
11
16
18
22
23
25
26
27
31
32
38
40
41
45
52
58
63
64
66
69
72
73
76
77
79
80
83
84
85
86
87
90
97
100
101
102
105
108
112
114
115
117
121
122
123
129
131
132
135
144
146
149
150
151
152
153
154
155
161
165
168
169
173
174
176
179
180
182
183
184
185
190
192
200
201
203
204
209
214
217
218
219
228
229
231
232
234
236
237
239
244
247
248
251
252
254
260
261
263
264
265
266
267
268
269
270
272
276
277
284
290
292
295
298
299
301
302
305
307
308
309
311
314
315
319
323
324
325
326
328
330
334
340
342
343
344
348
350
352
353
356
357
359
360
361
362
369
370
372
373
374
375
386
390
392
393
394
395
397
399
403
408
409
410
411
414
417
420
422
427
428
429
435
437
438
439
440
442
443
445
446
447
448
449
450
451
453
455
457
460
461
465
468
469
470
471
472
473
474
478
484
486
490
492
493
494
496
499
501
508
510
511
513
514
515
516
517
520
527
532
535
536
537
538
542
548
550
551
552
561
563
564
566
568
571
582
586
587
590
593
594
597
598
599
600
601
603
604
605
606
609
610
616
617
620
622
623
624
625
626
628
632
634
637
638
640
642
644
652
653
654
655
656
657
662
664
667
668
669
674
683
687
688
689
690
691
697
698
703
708
711
713
715
721
732
733
735
736
738
744
745
746
747
748
750
751
752
753
765
766
769
771
773
776
779
781
784
786
788
790
792
793
796
799
800
803
807
808
816
819
825
828
837
839
840
841
846
848
850
852
853
855
856
860
867
869
871
881
883
887
888
890
891
892
894
895
896
897
899
901
904
906
907
908
909
910
911
912
913
917
918
922
923
925
928
929
933
935
942
946
948
950
951
952
953
954
956
957
958
959
960
963
964
968
969
970
972
973
978
981
984
986
988
990
991
992
994
995
996
997
1005
1008
1009
1013
1015
1016
1017
1018
1019
1023
1028
1029
1032
1036
1038
1041
1043
1048
1051
1053
1062
1063
1066
1067
1069
1071
1074
1079
1082
1086
1088
1089
1090
1098
1100
1102
1104
1105
1106
1108
1110
1112
1114
1117
1121
1123
1124
1140
1142
1147
1151
1154
1157
1158
1160
1161
1162
1163
1167
1171
1173
1179
1185
1186
1190
1191
1197
1198
1202
1203
1205
1206
1210
1211
1214
1219
1222
1228
1229
1234
1235
1237
1242
1246
1247
1248
1249
1251
1254
1258
1259
1260
1261
1262
1263
1269
1274
1275
1276
1277
1278
1279
1284
1288
1289
1291
1292
1296
1298
1299
1302
1303
1304
1305
1309
1314
1316
1317
1323
1324
1326
1328
1329
1331
1332
1334
1338
1343
1344
1346
1348
1354
1355
1357
1360
1362
1364
1367
1368
1369
1371
1372
1373
1374
1380
1388
1390
1391
1394
1395
1396
1397
1399
1404
1410
1414
1417
1418
1419
1420
1421
1422
1423
1424
1426
1427
1429
1431
1433
1434
1435
1439
1440
1441
1442
1443
1445
1449
1456
1457
1458
1464
1468
1469
1471
1476
1479
1482
1483
1484
1485
1487
1489
1490
1491
1492
1493
1494
1495
1499
1500
1501
1502
1504
1513
1517
1518
1519
1520
1522
1525
1526
1527
1528
1529
1536
1537
1538
1540
1542
1543
1544
1545
1553
1558
1560
1561
1562
1564
1567
1569
1576
1578
1589
1590
1591
1596
1598
1605
1606
1607
1610
1611
1613
1615
1618
1620
1621
1623
1624
1625
1627
1630
1631
1632
1633
1637
1639
1643
1646
1650
1651
1655
1656
1660
1663
1664
1668
1670
1671
1672
1676
1678
1680
1686
1687
1689
1690
1691
1694
1696
1698
1702
1703
1705
1706
1716
1717
1718
1719
1720
1722
1726
1730
1731
1733
1734
1738
1743
1744
1747
1748
1751
1752
1757
1758
1759
1764
1768
1770
1771
1772
1774
1775
1780
1783
1784
1789
1793
1794
1798
1800
1804
1806
1808
1809
1810
1814
1820
1822
1823
1824
1825
1827
1833
1839
1840
1841
1846
1847
1850
1852
1855
1856
1858
1859
1862
1866
1869
1870
1872
1873
1875
1876
1879
1880
1883
1888
1889
1897
1899
1901
1903
1906
1908
1910
1914
1915
1918
1919
1925
1929
1932
1933
1934
1937
1939
1942
1945
1946
1950
1953
1956
1957
1962
1967
1968
1972
1976
1978
1979
1980
1982
1984
1985
1986
1989
1991
1992
1993
1998
1999
2002
2007
2008
2009
2011
2017
2018
2026
2027
2032
2035
2036
2039
2040
2042
2048
2049
2054
2060
2062
2063
2070
2073
2076
2077
2084
2085
2087
2088
2090
2091
2096
2100
2101
2102
2103
2104
2105
2107
2110
2111
2113
2114
2116
2125
2128
2130
2131
2132
2133
2136
2137
2139
2144
2145
2147
2149
2150
2153
2157
2158
2159
2163
2165
2167
2168
2175
2176
2177
2179
2182
2184
2185
2187
2190
2194
2195
2197
2199
2202
2207
2208
2209
2210
2214
2226
2227
2231
2232
2236
2240
2246
2249
2250
2251
2252
2253
2256
2257
2259
2270
2274
2275
2284
2285
2287
2289
2290
2292
2294
2296
2297
2303
2307
2308
2310
2311
2315
2326
2327
2328
2330
2332
2333
2334
2339
2341
2343
2344
2345
2347
2353
2356
2361
2362
2365
2368
2369
2371
2372
2374
2377
2385
2387
2392
2395
2397
