3
5
11
13
14
16
18
24
26
27
28
33
37
41
48
49
50
54
65
67
68
69
70
75
77
78
79
82
83
85
86
88
89
91
93
94
96
98
102
107
113
116
122
123
126
129
130
134
137
139
140
143
146
147
148
149
154
155
157
158
161
162
166
169
172
173
178
180
181
182
184
185
188
198
199
200
202
203
210
211
213
214
217
219
221
222
223
224
225
228
231
233
241
242
244
245
247
252
258
260
263
265
270
276
277
280
281
282
286
288
294
295
296
300
305
310
311
312
314
315
316
317
318
319
320
321
322
323
327
329
330
336
343
344
345
347
351
352
355
356
358
360
362
363
364
367
371
372
373
374
375
377
381
382
383
386
389
393
395
400
402
403
404
405
406
407
408
409
410
411
413
414
418
420
421
425
434
435
436
438
439
440
441
443
444
453
457
460
462
463
464
465
466
470
471
477
478
479
480
482
483
485
486
490
492
495
497
498
499
500
506
509
510
511
512
513
515
519
522
524
525
527
528
529
531
532
533
535
537
540
543
546
547
548
549
550
551
552
554
556
563
565
572
574
575
576
578
582
585
586
590
594
595
596
597
598
600
601
604
605
606
609
615
622
624
625
630
631
635
636
637
639
642
650
651
652
653
660
666
667
668
669
673
678
684
688
694
696
699
700
702
705
707
708
711
712
714
715
717
718
719
720
721
723
724
726
727
728
731
732
733
738
741
744
745
746
747
748
749
750
751
756
760
761
766
769
770
777
778
780
781
782
783
784
786
787
797
800
801
802
803
805
812
823
827
828
829
830
832
833
839
840
841
845
848
855
856
860
867
876
877
880
882
885
887
891
892
893
894
895
898
899
900
901
914
915
916
921
923
926
927
930
933
935
937
938
940
941
942
944
945
947
948
955
956
957
959
960
962
963
966
967
972
978
980
985
987
990
996
998
999
1000
1001
1009
1011
1013
1014
1017
1022
1026
1034
1037
1039
1040
1050
1054
1056
1063
1064
1066
1067
1071
1072
1074
1075
1076
1079
1080
1081
1085
1087
1088
1091
1092
1093
1095
1098
1099
1102
1104
1105
1106
1108
1111
1113
1118
1120
1121
1130
1135
1137
1139
1140
1141
1142
1143
1144
1145
1146
1147
1148
1149
1153
1158
1160
1161
1163
1164
1166
1170
1175
1176
1177
1179
1180
1181
1182
1184
1187
1191
1200
1203
1204
1205
1206
1207
1209
1211
1212
1214
1215
1217
1219
1221
1224
1226
1230
1234
1235
1238
1240
1241
1242
1243
1252
1255
1257
1258
1259
1261
1262
1263
1264
1266
1274
1276
1278
1280
1281
1282
1284
1285
1290
1291
1294
1296
1297
1298
1301
1302
1304
1307
1309
1310
1312
1313
1321
1327
1332
1336
1340
1343
1344
1346
1349
1352
1354
1355
1358
1359
1361
1363
1366
1369
1371
1372
1373
1374
1375
1379
1385
1389
1391
1393
1395
1396
1404
1407
1408
1410
1411
1412
1419
1422
1424
1425
1428
1429
1433
1434
1438
1445
1451
1452
1462
1466
1469
1470
1472
1474
1477
1478
1480
1481
1482
1486
1494
1499
1500
1501
1502
1503
1509
1513
1515
1518
1520
1522
1527
1528
1530
1533
1537
1538
1539
1542
1543
1545
1547
1548
1549
1551
1555
1556
1558
1559
1560
1561
1564
1570
1571
1574
1578
1581
1585
1588
1589
1596
1598
1601
1603
1604
1606
1607
1608
1609
1610
1618
1621
1626
1628
1631
1632
1633
1637
1639
1640
1641
1647
1649
1650
1656
1662
1666
1668
1671
1674
1677
1680
1684
1685
1689
1694
1695
1696
1697
1699
1705
1708
1709
1713
1723
1724
1727
1728
1731
1737
1739
1740
1745
1746
1747
1748
1750
1751
1752
1753
1755
1756
1757
1758
1760
1764
1765
1767
1770
1781
1784
1785
1786
1787
1791
1794
1795
1796
1797
1799
1807
1809
1811
1816
1817
1818
1819
1825
1826
1828
1830
1832
1833
1834
1836
1837
1841
1843
1844
1846
1848
1851
1852
1853
1855
1859
1861
1862
1865
1868
1873
1880
1881
1882
1883
1884
1885
1892
1893
1894
1899
1900
1902
1904
1905
1909
1911
1912
1915
1917
1918
1921
1923
1924
1926
1927
1929
1931
1932
1936
1937
1939
1942
1945
1946
1949
1950
1953
1954
1957
1958
1961
1966
1967
1973
1975
1977
1978
1979
1980
1984
1985
1988
1990
1997
1998
2001
2002
2003
2004
2005
2008
2013
2017
2018
2019
2020
2021
2025
2028
2030
2031
2032
2033
2034
2035
2036
2038
2042
2044
2045
2047
2049
2050
2054
2058
2059
2060
2063
2065
2066
2067
2069
2070
2079
2080
2081
2082
2087
2088
2090
2092
2094
2099
2102
2103
2104
2114
2119
2120
2125
2127
2135
2137
2138
2139
2140
2143
2148
2149
2150
2151
2152
2154
2158
2160
2161
2162
2166
2167
2168
2171
2174
2175
2177
2180
2182
2183
2184
2186
2187
2194
2197
2198
2199
2200
2202
2206
2207
2208
2209
2211
2215
2229
2234
2236
2237
2238
2243
2244
2245
2249
2250
2252
2255
2259
2260
2264
2268
2270
2275
2276
2279
2282
2285
2289
2290
2292
2302
2304
2308
2311
2313
2315
2317
2318
2319
2320
2322
2323
2324
2329
2331
2332
2334
2339
2340
2342
2344
2347
2348
2349
2359
2361
2366
2372
2375
2376
2378
2381
2382
2386
2387
2391
2394
2397
2403
2409
2411
2412
2417
2421
2433
2436
2437
2438
2440
2441
2442
2447
2449
2450
2452
2453
2454
2456
2458
2459
2460
2461
2464
2467
2474
2478
2480
2482
2483
2484
2486
2488
2491
2493
2494
2497
2499
2500
2501
2506
2507
2508
2510
2515
2516
2517
2524
2525
2526
2528
2533
2535
2536
2538
2540
2545
2550
2551
2557
2558
2565
2577
2578
2582
2584
2587
2588
2589
2590
2593
2600
2603
2604
2605
2606
2609
2610
2612
2615
2616
2618
2619
2620
2625
2627
2631
2635
2638
2646
2648
2650
2653
2655
2658
2660
2663
2671
2672
2674
2675
2676
2678
2680
2683
2684
2689
2691
2695
2698
2700
2702
2705
2706
2708
2714
2715
2717
2719
2720
2722
2725
2727
2728
2729
2733
2735
2736
2737
2740
2742
2747
2748
2752
2755
2756
2758
2759
2760
2766
2776
2785
2788
