591
0: 587 
587: 0 232 
232: 587 173 304 150 164 10 277 588 197 432 56 172 369 180 109 435 216 332 7 8 29 47 49 63 65 67 70 118 122 127 129 131 137 149 154 161 178 182 186 206 207 208 211 341 352 366 375 380 390 402 403 416 429 431 434 437 441 446 461 464 467 468 469 476 479 482 493 495 512 516 529 530 531 532 535 537 541 542 547 548 558 562 563 566 583 584 235 257 260 273 278 279 283 301 315 320 321 
173: 232 1 140 4 10 21 23 25 29 34 39 41 49 63 69 73 74 81 84 94 104 127 130 134 136 141 150 156 158 159 164 168 169 172 434 416 457 332 334 461 465 346 349 476 352 482 583 235 584 238 367 418 369 292 503 381 379 257 511 380 516 339 398 186 549 529 378 412 509 419 323 548 400 285 512 306 180 531 182 537 187 451 304 382 
304: 232 1 140 173 57 63 83 109 127 131 134 150 172 186 457 584 434 465 340 341 352 482 366 371 381 382 524 529 378 537 509 548 379 563 321 
150: 232 1 140 173 304 10 24 29 53 81 94 580 584 335 434 459 469 349 352 482 359 367 501 379 382 385 398 461 172 529 278 283 537 509 164 417 419 423 549 180 182 563 186 443 322 
164: 232 1 140 173 150 94 10 332 211 342 215 359 235 364 240 369 537 423 172 558 434 563 322 
10: 232 1 140 173 150 94 164 417 211 340 341 342 101 108 109 363 364 127 134 443 172 537 292 423 549 49 179 434 182 563 315 65 326 
277: 232 501 367 512 306 524 456 252 146 459 185 251 2 60 71 80 165 197 208 328 370 546 307 317 
588: 232 211 434 563 4 342 226 495 215 
197: 232 29 4 457 465 323 306 456 333 590 89 342 40 387 288 302 555 459 359 558 277 106 9 454 202 206 370 507 523 532 426 
432: 232 23 29 211 479 320 25 73 398 306 187 341 19 453 331 590 89 342 91 261 40 351 495 472 139 153 302 177 324 459 116 571 5 430 556 47 97 114 147 148 183 194 198 214 259 368 411 413 414 431 580 433 474 530 442 452 570 544 550 554 564 573 566 448 
56: 232 29 168 169 457 349 369 503 398 306 109 340 341 342 40 495 300 452 558 125 208 413 562 5 350 447 547 209 487 492 498 384 539 424 566 70 
172: 232 173 304 23 150 412 164 10 63 81 537 584 211 235 238 186 382 379 257 529 158 159 418 423 549 434 182 563 320 321 49 69 156 168 169 472 116 175 398 6 359 12 17 40 47 53 66 71 72 88 108 109 118 128 149 328 333 339 340 341 342 352 360 367 369 375 381 402 416 422 437 441 447 467 476 486 488 492 494 495 511 545 547 554 558 564 567 180 185 566 278 282 288 300 305 319 323 
369: 232 173 94 164 63 127 211 364 136 168 169 172 324 398 56 89 544 6 12 20 28 40 57 86 128 149 179 208 283 300 323 333 343 358 478 402 492 375 391 518 409 548 390 
180: 232 173 150 418 435 563 172 332 6 359 575 326 
109: 232 304 10 29 501 529 158 549 563 25 172 332 476 352 419 187 430 56 91 6 359 19 28 101 103 433 341 492 385 390 139 566 575 
435: 232 140 6 359 180 216 332 348 385 
216: 232 435 563 433 359 385 6 
332: 232 173 164 29 127 134 364 434 435 25 69 168 169 398 6 180 109 385 19 58 80 99 123 179 208 224 300 322 589 590 346 495 518 519 342 441 567 
7: 232 13 239 
8: 232 529 549 563 256 132 527 193 
29: 232 140 173 150 412 417 324 459 69 197 398 432 56 544 109 385 332 529 223 483 413 211 434 300 524 169 463 16 20 578 207 479 228 230 486 254 512 139 393 382 283 416 418 168 44 447 573 
47: 232 412 168 172 465 511 380 398 590 342 493 389 139 177 432 571 558 324 90 86 318 15 463 27 200 481 497 251 384 525 297 411 543 546 562 
49: 232 173 10 63 537 584 529 434 172 340 341 24 476 482 
63: 232 140 173 304 172 369 529 563 340 341 127 537 49 434 182 288 437 584 235 
65: 232 10 533 
67: 232 90 550 31 
70: 232 320 590 56 253 589 
118: 232 158 172 352 451 
122: 232 127 211 379 364 549 434 39 41 73 398 400 285 187 341 590 342 226 351 495 472 215 106 116 43 260 554 199 386 413 562 556 550 411 449 551 543 194 
127: 232 140 173 304 10 63 398 359 369 385 332 529 73 122 328 584 434 537 353 467 
129: 232 413 520 314 
131: 232 304 537 419 
137: 232 
149: 232 186 207 169 172 369 511 398 323 512 443 459 402 558 343 230 467 324 556 562 520 497 60 488 561 191 
154: 232 382 207 472 558 319 293 267 
161: 232 558 467 13 46 
178: 232 352 91 460 540 250 
182: 232 140 173 150 10 63 134 584 186 382 379 257 529 434 285 69 544 172 563 340 71 114 130 141 156 330 352 367 258 514 396 397 323 
186: 232 140 173 304 150 134 537 544 172 385 306 64 341 342 292 434 182 300 462 558 367 377 207 382 141 158 53 135 97 123 149 208 262 392 539 438 196 
206: 232 434 341 197 528 
207: 232 140 94 412 29 584 186 158 159 324 456 69 398 385 483 306 558 268 169 562 418 436 153 135 149 154 168 460 208 486 488 535 254 512 569 
208: 232 584 186 382 207 168 332 369 306 456 283 443 459 558 277 56 268 562 254 399 135 488 536 
211: 232 140 164 10 29 537 584 459 588 472 226 364 116 285 571 398 432 89 544 172 369 86 248 340 413 19 60 68 77 87 122 159 169 454 331 447 586 467 220 351 457 499 480 464 492 495 498 500 582 379 380 382 292 421 390 518 414 342 420 547 553 554 314 213 341 494 466 
341: 232 304 10 63 584 211 186 379 158 159 423 549 34 39 49 73 168 169 172 465 476 482 292 381 398 548 109 340 459 472 226 116 246 430 432 56 91 256 86 590 247 22 413 43 68 71 122 179 206 215 307 308 580 582 466 342 348 351 492 494 498 386 518 523 547 433 499 554 555 447 575 
352: 232 173 304 23 150 412 81 537 584 382 379 529 418 434 182 321 25 69 172 359 109 177 101 108 439 66 118 178 185 305 366 
366: 232 304 537 584 379 158 434 352 126 492 
375: 232 379 158 159 364 41 69 136 156 172 457 369 511 380 398 306 89 351 288 558 363 544 328 92 507 86 253 12 113 249 254 295 314 410 
380: 232 173 23 412 584 211 382 379 529 158 73 84 156 456 571 398 91 544 413 306 11 265 300 462 47 60 72 102 121 123 155 204 283 299 314 338 351 362 375 433 467 495 441 581 554 515 519 524 424 547 548 553 558 559 562 573 
390: 232 211 159 156 369 109 342 493 288 200 102 
402: 232 94 169 172 369 340 351 283 177 324 556 12 77 149 280 314 561 
403: 232 89 520 184 
416: 232 173 29 172 433 163 286 
429: 232 544 494 499 
431: 232 21 34 457 398 285 306 456 333 91 472 252 555 432 433 368 324 287 35 116 556 259 413 411 92 142 297 347 
434: 232 140 173 304 23 150 164 10 29 63 127 537 584 461 235 186 379 257 516 529 588 285 172 385 332 563 590 223 64 443 342 49 19 25 57 122 181 182 206 258 278 297 321 352 366 367 457 437 482 583 566 562 491 439 
437: 232 63 158 159 434 25 172 504 288 443 446 27 
441: 232 584 172 332 380 524 89 443 123 546 484 199 556 200 102 471 337 114 128 425 
446: 232 94 260 437 176 123 128 143 370 
461: 232 140 173 150 94 417 584 563 223 434 
464: 232 211 285 451 342 517 249 357 
467: 232 417 127 211 364 172 511 380 512 91 351 139 443 558 324 556 268 161 562 541 200 149 488 250 394 470 528 
468: 232 168 398 413 411 550 518 372 539 
469: 232 140 23 150 537 584 529 563 522 538 379 382 521 
476: 232 173 537 235 563 49 172 109 341 424 531 482 
479: 232 140 29 398 432 91 586 356 393 410 
482: 232 173 304 150 81 537 584 516 529 158 159 434 321 49 69 168 457 476 91 340 341 108 319 381 198 566 
493: 232 23 456 47 343 390 
495: 232 23 584 211 364 156 168 169 172 332 349 380 398 342 91 223 226 351 588 116 432 56 86 413 300 462 31 66 87 100 122 199 302 305 414 447 466 492 494 498 518 499 554 
512: 232 173 94 29 134 584 158 159 207 69 168 169 511 398 378 277 443 524 102 562 520 58 149 308 467 488 
516: 232 140 173 235 398 89 550 193 64 342 434 254 314 482 275 492 130 163 170 450 489 508 531 
529: 232 140 173 304 150 29 63 127 537 584 469 35 472 69 172 109 385 8 527 49 132 156 182 193 256 329 352 380 389 434 482 490 583 532 563 564 
530: 232 432 185 518 12 373 
531: 232 173 537 257 516 476 359 300 524 566 532 
532: 232 379 257 529 531 197 
535: 232 207 91 
537: 232 140 173 304 23 150 164 10 63 127 69 172 529 340 306 211 49 57 58 131 186 235 257 278 321 352 366 379 381 382 434 469 476 482 492 531 584 
541: 232 39 168 169 398 252 139 467 234 430 424 528 566 
542: 232 94 12 111 185 
547: 232 211 69 172 380 57 341 342 351 300 520 56 463 
548: 232 173 304 549 39 369 380 327 340 177 341 342 300 455 288 449 313 
558: 232 94 164 134 584 186 207 563 168 169 172 457 503 380 398 323 524 456 139 283 300 443 53 459 324 255 197 556 56 544 12 47 77 128 149 154 161 176 208 215 343 357 370 375 467 497 559 562 
562: 232 207 434 168 169 511 380 398 512 451 524 18 226 252 139 459 558 47 230 467 149 208 554 556 56 27 77 122 162 338 399 424 481 488 497 528 
563: 232 140 304 150 164 10 63 461 469 235 257 529 434 182 588 359 172 180 109 216 385 8 125 130 144 282 308 321 323 340 476 558 
566: 232 382 434 320 168 169 172 482 531 109 91 101 283 432 433 436 185 575 522 544 259 518 541 272 148 430 56 229 483 527 573 410 203 354 
583: 232 173 529 434 359 
584: 232 140 173 304 150 63 127 537 69 172 529 73 40 211 341 342 49 434 182 315 380 558 278 469 352 495 207 230 512 381 158 208 235 240 257 272 366 441 461 482 
235: 232 140 173 164 63 537 584 172 563 434 476 516 
257: 232 140 173 134 537 584 359 172 563 434 182 326 141 114 514 575 532 531 
260: 232 73 398 18 456 459 359 446 370 122 128 143 176 492 
273: 232 69 231 540 
278: 232 23 150 417 537 584 423 434 172 19 45 143 
279: 232 460 281 
283: 232 23 150 412 29 334 369 503 380 398 453 456 89 40 387 255 452 558 402 448 42 144 208 391 307 566 569 
301: 232 
315: 232 140 417 10 584 158 51 310 353 
320: 232 140 134 571 398 432 91 550 544 172 327 590 413 40 342 169 18 19 53 70 74 120 168 250 447 488 572 504 545 503 415 566 
321: 232 140 304 537 434 563 459 398 172 524 586 352 199 57 482 50 
1: 140 173 304 23 150 94 412 192 164 417 10 
140: 1 10 23 29 63 81 104 127 134 537 584 461 211 469 479 356 235 238 501 186 382 379 257 516 150 529 158 159 412 207 164 418 364 423 549 173 304 434 435 182 563 315 320 321 
23: 1 140 173 18 19 453 455 456 331 458 333 335 434 590 88 89 342 91 469 94 219 348 261 223 352 101 226 228 107 108 40 364 351 238 367 493 495 472 502 503 252 504 387 389 380 139 265 146 524 25 172 278 156 283 537 69 288 39 153 41 306 549 300 302 555 177 432 433 412 436 311 187 443 189 368 571 448 557 73 452 
94: 1 173 23 150 10 69 179 542 207 99 233 362 369 461 512 136 402 164 417 558 185 446 575 
412: 1 140 173 23 29 47 89 96 108 155 172 207 219 223 238 251 252 283 286 331 343 352 380 387 389 404 443 452 
192: 1 
417: 1 150 94 10 29 45 51 52 69 101 125 159 210 230 269 278 296 310 315 351 461 467 473 521 500 423 522 418 419 420 421 
81: 140 173 150 172 352 482 
104: 140 173 6 295 125 351 134 420 
134: 140 173 304 10 104 465 259 544 385 332 73 223 177 306 11 12 19 25 32 44 50 57 74 114 130 199 328 330 188 586 462 492 350 182 230 362 367 370 498 499 314 379 252 253 169 139 519 401 274 407 409 228 165 418 257 168 171 300 558 176 512 308 436 135 564 185 186 514 320 198 
356: 140 479 550 520 251 546 358 224 
238: 140 173 23 412 69 172 223 351 219 107 77 168 
501: 140 150 324 277 109 169 491 230 486 61 488 
382: 140 173 304 150 29 537 211 469 186 459 465 472 364 285 172 385 86 340 413 363 182 457 442 380 139 319 379 335 352 386 71 74 154 157 158 159 168 208 293 313 314 349 371 381 577 566 539 554 
379: 140 173 304 150 134 537 211 469 382 456 459 465 472 116 285 458 430 544 172 385 73 247 340 413 341 342 434 182 380 375 102 418 21 39 50 122 158 159 194 251 313 314 352 366 371 378 580 381 509 532 
158: 140 173 584 186 382 379 324 398 172 109 256 340 306 341 315 380 524 328 375 351 418 557 156 437 207 512 314 509 51 511 482 118 366 424 185 
159: 140 173 417 211 382 379 69 172 256 340 341 292 375 351 418 557 555 156 437 207 512 245 125 509 200 511 482 185 339 155 488 390 
418: 140 173 417 29 134 379 158 159 207 69 172 180 101 524 367 351 19 25 124 209 352 
364: 140 23 164 10 211 382 4 24 43 72 89 122 141 190 200 223 228 276 288 325 328 332 342 349 360 517 369 495 500 385 520 467 375 
423: 140 150 164 417 10 172 341 12 20 51 145 240 278 310 386 419 473 
549: 140 173 23 150 10 398 172 109 8 39 122 179 223 272 341 355 367 413 449 492 500 548 586 553 
4: 173 364 456 35 459 588 465 472 226 106 234 116 246 255 13 34 285 69 236 175 571 197 
21: 173 379 459 285 442 333 555 431 115 
25: 173 23 134 418 434 472 175 571 432 544 109 332 20 145 19 433 331 264 103 139 352 237 386 538 545 436 437 564 319 
34: 173 4 35 472 22 33 285 341 342 177 247 381 259 142 399 318 556 187 431 69 449 
39: 173 23 379 549 459 285 89 550 259 306 341 351 297 548 551 449 122 541 
41: 173 23 459 69 328 375 557 400 373 122 574 
69: 173 23 94 417 29 537 584 238 529 159 207 418 182 4 34 41 456 459 234 43 457 332 339 343 351 350 223 352 353 482 367 245 292 375 249 503 256 132 511 512 273 517 398 146 272 155 156 534 509 540 385 547 172 176 306 307 185 442 550 
73: 173 23 127 134 584 379 324 459 285 9 398 432 327 590 328 580 586 340 341 333 122 400 260 380 524 507 413 443 448 
74: 173 134 382 320 544 306 457 300 139 545 30 199 141 323 135 539 79 198 514 
84: 173 380 169 333 168 61 488 85 
130: 173 134 516 182 563 141 314 323 114 98 349 394 407 
136: 173 94 369 375 146 95 
141: 173 186 257 364 182 74 130 300 139 30 199 53 57 98 114 135 492 514 163 171 313 323 
156: 173 23 529 158 159 182 69 324 398 172 413 342 380 375 333 495 390 497 290 
168: 173 29 134 238 382 207 320 84 56 544 172 369 451 332 88 340 306 341 457 328 558 169 47 562 495 503 288 512 57 152 468 482 492 208 424 541 566 447 
169: 173 29 134 211 501 207 320 84 168 398 56 452 172 369 332 590 88 340 413 306 341 457 12 558 402 24 57 149 152 447 343 487 365 494 495 503 294 314 405 541 512 562 566 
457: 173 304 211 382 434 69 74 168 169 324 456 459 465 285 197 398 56 89 544 327 177 306 11 92 323 370 375 426 431 454 462 482 511 558 
334: 173 524 283 144 518 519 361 357 
465: 173 304 134 382 379 4 457 456 459 47 91 157 171 197 285 306 340 341 398 426 
346: 173 332 355 
349: 173 150 382 364 130 56 342 555 495 447 57 66 305 519 492 498 494 
367: 173 23 150 134 186 418 549 434 182 69 172 277 342 101 524 12 24 135 146 288 533 539 
292: 173 10 211 186 159 69 590 340 341 533 
503: 173 23 320 69 168 169 398 56 452 385 300 524 558 139 267 283 504 575 
381: 173 304 537 584 382 379 34 172 482 341 371 
511: 173 158 159 69 172 457 459 375 351 47 562 512 314 53 149 190 467 488 
339: 173 159 69 172 220 
398: 173 150 29 127 211 479 516 158 207 549 320 321 69 73 156 169 172 457 332 465 369 503 380 324 287 459 472 116 285 175 571 5 458 22 26 28 31 38 43 44 47 56 64 72 76 77 78 79 89 91 112 122 139 149 151 153 160 165 177 185 190 198 200 251 253 260 265 283 289 293 306 335 337 338 340 341 342 343 348 357 362 375 378 386 399 424 430 431 432 443 452 455 468 475 487 495 497 507 512 513 525 536 541 550 555 556 562 570 586 546 524 558 
378: 173 304 379 398 456 459 116 413 363 512 
509: 173 304 150 379 158 159 69 43 212 215 
419: 173 150 417 423 109 473 131 
323: 173 182 563 74 130 141 172 457 369 456 459 197 89 300 558 335 30 199 99 149 198 514 
400: 173 41 73 472 328 448 122 337 401 
285: 173 211 382 379 434 182 4 21 34 39 73 457 465 398 324 287 456 459 472 122 177 199 247 248 252 259 333 464 347 500 431 368 393 399 413 297 553 524 556 571 
306: 173 23 134 537 186 158 207 39 69 74 168 169 457 465 380 398 277 456 459 197 9 432 56 89 91 550 544 451 40 19 53 58 135 155 199 208 253 288 300 454 460 431 375 314 462 519 410 426 436 
187: 173 23 34 472 116 458 432 109 433 288 302 122 199 213 190 
451: 173 168 306 6 359 77 118 222 311 338 357 409 464 517 562 
57: 304 134 537 434 321 141 168 169 349 369 544 40 64 300 557 115 335 288 447 498 499 552 547 492 494 
83: 304 536 
340: 304 10 63 537 211 382 379 158 159 182 563 49 73 168 169 172 465 482 292 398 548 287 35 472 226 116 246 9 56 91 256 86 22 68 71 87 108 123 215 299 307 433 341 342 348 351 492 494 498 386 399 402 410 413 543 499 554 555 568 447 575 
371: 304 382 379 381 
524: 304 23 29 158 418 321 73 334 367 503 380 398 285 512 531 277 327 177 11 253 126 188 201 212 215 274 328 335 362 422 424 427 441 448 586 558 562 
18: 23 320 372 562 260 43 44 
19: 23 134 211 418 434 320 25 332 306 109 472 571 430 556 432 91 544 452 590 223 20 145 454 201 433 331 264 36 103 184 505 139 405 278 411 538 436 564 319 572 557 
453: 23 571 432 89 452 80 97 283 
455: 23 398 548 40 363 27 75 198 263 
456: 23 379 207 4 69 457 465 380 378 323 285 306 324 277 15 43 44 89 92 106 116 153 155 197 208 260 265 283 313 331 426 431 433 454 459 472 590 544 558 554 493 577 
331: 23 412 211 25 19 456 472 432 91 239 99 554 
458: 23 379 398 187 5 302 389 422 433 556 581 544 
333: 23 21 73 84 156 172 369 285 324 472 197 544 245 500 555 431 
335: 23 150 382 398 323 57 524 556 300 411 97 438 
590: 23 434 320 73 169 332 292 341 19 456 459 197 9 432 259 22 24 47 70 92 122 223 228 229 261 303 357 399 578 586 589 
88: 23 168 169 172 9 17 152 498 220 
89: 23 412 211 516 364 39 457 369 398 323 306 453 456 459 255 197 5 432 77 86 327 462 492 375 441 139 190 403 533 410 283 433 409 314 318 452 
342: 23 164 10 584 211 186 379 516 364 434 320 34 156 172 332 349 367 398 548 340 341 588 226 116 197 432 56 91 544 86 413 47 58 60 66 87 100 122 190 199 215 300 302 305 314 454 582 539 351 466 492 495 498 390 464 405 447 414 547 554 
91: 23 479 320 465 482 380 398 306 109 340 341 19 331 342 472 236 571 5 430 556 432 24 33 40 199 580 474 471 220 97 467 483 486 368 177 495 500 566 535 259 525 261 139 147 411 413 289 550 198 554 178 433 309 564 214 431 572 573 452 
219: 23 412 238 
348: 23 435 398 340 341 185 188 585 
261: 23 590 91 324 472 430 432 177 139 92 252 445 573 389 
223: 23 412 29 134 461 238 364 549 434 69 19 590 13 9 43 102 155 188 589 228 495 389 
101: 23 417 10 418 352 367 109 146 338 566 
226: 23 211 4 340 341 342 588 59 122 146 153 195 212 215 368 495 497 259 518 543 343 562 
228: 23 29 134 364 590 223 589 
107: 23 238 108 
108: 23 412 10 172 352 482 340 107 51 133 426 415 386 
40: 23 584 320 172 369 306 57 455 91 324 459 197 9 430 432 56 413 11 460 462 471 363 139 410 283 433 176 
351: 23 417 104 211 238 158 159 418 39 69 511 380 340 341 342 472 116 432 413 12 402 375 27 80 117 122 185 188 252 586 467 495 497 513 520 414 547 554 433 
472: 23 211 382 379 529 4 25 34 172 398 400 285 187 340 341 19 456 331 333 91 261 351 459 5 97 122 154 177 247 259 297 343 350 389 399 411 413 431 432 447 452 556 525 550 554 555 574 
502: 23 488 
252: 23 412 134 285 261 351 324 277 459 372 562 431 448 135 183 338 373 500 525 528 541 424 299 
504: 23 320 503 452 300 148 151 213 317 437 575 
387: 23 412 197 283 
389: 23 412 529 458 261 223 472 571 47 153 308 
139: 23 29 134 382 25 74 141 503 398 109 19 89 91 261 40 255 571 430 432 452 300 558 47 562 433 103 24 114 135 467 289 237 424 282 414 541 545 573 436 564 572 
265: 23 380 398 456 459 116 452 11 553 554 514 
146: 23 69 136 367 101 226 277 256 443 462 491 61 
288: 23 63 364 168 172 367 548 306 187 57 197 556 385 443 326 375 200 480 506 390 519 302 437 314 447 575 
153: 23 207 398 456 226 389 459 430 432 553 573 
300: 23 29 134 186 74 141 172 332 369 503 380 323 548 306 531 57 335 342 495 504 139 56 544 413 177 64 11 53 79 80 93 135 163 171 199 217 243 253 462 555 308 344 395 355 384 519 409 539 547 558 436 442 514 
302: 23 187 458 342 495 288 255 197 432 177 433 555 
555: 23 159 21 349 398 340 341 333 472 300 302 324 106 197 413 177 80 151 194 240 414 431 559 
177: 23 134 34 457 352 398 548 285 524 91 261 472 300 302 555 459 9 432 550 452 22 413 47 80 125 170 199 201 202 471 519 402 554 568 
433: 23 25 416 380 187 109 340 341 19 456 458 89 91 40 351 139 302 432 459 116 236 571 430 556 388 216 247 413 372 31 135 183 184 198 199 249 254 270 282 368 395 411 414 431 497 474 500 554 566 572 573 
436: 23 134 207 25 306 19 139 300 544 58 77 135 314 410 566 514 
311: 23 451 
443: 23 150 412 10 434 73 398 512 146 288 175 9 24 28 77 149 155 208 409 421 424 437 441 467 475 488 499 545 558 533 
189: 23 452 268 316 
368: 23 285 91 226 432 433 287 259 413 253 411 431 448 543 
571: 23 211 320 4 25 380 398 285 19 453 91 389 139 432 433 324 47 97 103 201 237 405 452 494 499 505 544 564 586 572 
448: 23 73 400 524 252 283 432 368 22 413 299 
557: 23 158 159 41 57 19 
452: 23 412 169 503 398 19 453 89 91 472 504 139 265 283 177 432 189 571 5 556 56 58 64 97 359 411 486 564 
24: 150 364 49 169 367 590 91 139 443 327 274 243 
53: 150 186 320 141 172 511 306 300 544 64 253 558 98 514 135 539 350 
580: 150 379 73 341 91 432 199 
459: 150 29 211 382 379 321 4 21 39 41 69 73 457 465 511 398 378 323 285 306 341 456 590 89 40 472 252 265 153 177 432 433 277 9 43 116 149 166 175 197 199 208 255 260 313 327 386 413 426 454 586 499 554 507 544 558 562 577 
359: 150 164 127 257 435 563 172 352 583 180 531 451 109 452 197 6 125 144 216 260 308 408 
385: 150 29 127 134 186 382 379 529 207 364 434 435 563 69 332 503 109 288 6 216 58 114 144 218 312 326 336 363 374 377 540 560 518 519 421 422 567 
322: 150 164 332 
179: 94 10 549 332 369 341 256 77 80 523 526 496 319 
99: 94 332 323 331 546 272 540 427 231 174 
233: 94 363 190 577 
362: 94 134 380 398 524 363 209 421 174 
185: 94 134 158 159 69 172 352 398 348 351 542 324 277 268 530 566 62 96 286 440 
575: 94 257 503 180 109 340 341 504 288 566 80 496 
96: 412 185 138 361 
155: 412 159 69 380 306 456 223 443 
251: 412 356 379 398 47 277 413 27 586 520 72 224 399 358 357 546 
286: 412 416 185 184 254 510 
343: 412 69 169 369 398 226 493 472 558 116 86 533 149 553 554 500 
404: 412 363 454 
215: 164 509 340 341 524 342 226 558 588 246 122 
240: 164 584 423 555 
45: 417 278 12 51 119 473 
51: 417 158 423 315 108 45 210 
52: 417 
125: 417 104 159 563 177 359 56 544 36 525 144 425 355 
210: 417 51 
230: 417 29 134 584 501 491 562 61 149 157 424 
269: 417 
296: 417 473 
310: 417 423 315 
473: 417 423 419 45 296 229 12 20 470 489 522 
521: 417 469 522 538 227 
500: 417 211 364 549 285 333 91 252 433 343 324 413 297 152 553 
522: 417 469 473 521 17 227 386 566 538 
420: 417 104 211 86 253 201 564 471 176 421 202 
421: 417 211 443 385 362 420 324 564 77 471 449 
363: 10 382 378 455 40 385 233 362 404 375 444 
326: 10 257 180 288 385 253 518 519 
324: 29 501 158 207 73 156 457 369 398 285 456 333 261 40 252 555 432 571 402 558 185 47 467 500 421 2 123 149 245 247 248 255 287 544 553 431 564 
544: 29 134 211 186 379 182 320 25 74 168 457 369 380 306 57 19 456 458 333 342 300 432 436 571 53 459 558 125 324 5 11 50 114 135 305 308 314 330 350 375 393 406 410 411 429 447 462 492 498 499 586 554 566 545 572 
483: 29 207 91 9 383 566 
413: 29 211 382 379 549 320 73 156 169 380 378 285 340 341 342 91 40 351 495 472 300 555 177 432 433 368 448 459 251 500 247 553 431 370 116 236 175 554 9 556 56 259 12 85 117 122 129 305 447 498 468 574 
463: 29 47 15 586 157 318 249 547 27 124 444 510 
16: 29 491 
20: 29 423 25 369 19 473 201 17 395 377 312 264 
578: 29 590 490 392 
486: 29 501 207 172 91 452 276 353 491 61 
254: 29 516 207 433 286 208 375 36 527 
393: 29 479 285 544 213 
44: 29 134 398 18 456 43 195 
447: 29 211 320 168 169 172 349 57 340 341 342 495 472 288 544 454 413 499 56 58 376 384 582 492 498 518 519 
573: 29 380 91 261 139 153 432 433 259 556 103 572 430 566 299 
6: 104 435 172 332 369 180 451 109 359 385 112 216 
295: 104 427 375 540 
328: 127 134 158 364 41 73 168 172 400 524 277 86 12 297 425 375 
353: 127 315 69 255 14 486 538 
259: 134 34 39 285 590 91 226 472 432 368 431 106 116 554 413 5 430 543 565 566 573 449 
11: 134 457 380 524 40 265 300 544 442 253 462 
12: 134 423 169 172 367 369 351 542 402 558 45 473 328 413 375 530 111 268 
32: 134 
50: 134 379 321 544 114 314 401 275 98 514 
114: 134 257 182 130 141 139 432 385 544 572 198 441 314 50 401 539 290 
199: 134 321 74 141 323 285 306 187 342 91 495 300 177 433 580 459 30 122 170 198 514 441 
330: 134 182 544 
188: 134 524 348 223 351 
586: 134 211 479 549 321 73 398 524 590 351 571 459 251 544 546 460 22 462 463 27 444 36 28 61 72 77 93 144 152 329 358 406 520 
462: 134 186 457 380 306 89 40 495 146 300 544 586 253 498 11 135 314 
492: 134 537 211 516 549 141 168 172 349 369 57 109 340 341 366 89 342 495 544 494 260 499 447 543 56 58 376 450 498 519 
350: 134 69 472 53 544 370 56 442 253 
370: 134 457 558 446 277 197 413 260 520 308 176 183 350 128 143 
498: 134 211 349 57 340 341 88 342 495 544 413 447 56 492 462 439 115 539 58 66 305 376 582 519 
499: 134 211 57 340 341 495 443 571 459 544 494 115 520 447 497 492 58 429 
314: 134 211 382 379 516 158 130 169 511 380 306 89 342 288 436 402 544 375 442 198 114 539 462 410 30 50 129 135 401 407 
253: 134 398 306 524 300 368 53 420 326 97 350 375 11 462 27 70 263 
519: 134 332 334 349 380 306 288 300 177 385 326 494 447 184 492 498 384 305 66 
401: 134 400 114 314 50 
274: 134 524 24 298 
407: 134 130 314 290 
409: 134 369 451 89 300 443 
165: 134 398 277 54 
171: 134 141 465 300 554 
176: 134 69 40 558 446 420 370 260 430 128 143 
308: 134 563 512 341 389 300 359 544 564 370 36 319 526 
135: 134 186 207 74 141 367 306 252 139 300 433 436 53 544 208 442 462 314 58 
564: 134 529 25 172 19 91 139 432 571 452 420 421 324 86 77 308 525 572 
514: 134 257 182 74 141 323 265 300 436 53 199 198 50 569 98 
198: 134 74 482 398 323 455 91 432 433 199 314 114 514 539 170 
58: 537 332 512 306 342 436 452 385 494 499 447 497 492 498 135 115 
272: 584 549 69 99 484 212 566 231 
116: 211 379 4 172 398 378 187 340 341 456 342 351 495 265 432 433 459 343 553 431 33 43 86 117 497 122 386 259 413 175 
86: 211 382 369 340 341 89 342 495 47 343 420 564 328 116 9 497 375 
248: 211 285 324 9 22 33 77 579 543 
60: 211 380 342 277 149 
68: 211 340 341 
77: 211 238 398 451 89 436 443 179 402 558 421 247 248 564 586 562 517 27 204 355 121 
87: 211 340 342 495 
454: 211 457 306 19 456 342 459 404 197 494 447 
220: 211 339 88 91 540 152 
480: 211 288 90 
582: 211 341 342 447 498 
518: 211 332 334 369 341 226 495 385 326 447 530 566 66 305 468 
414: 211 342 351 495 139 555 432 433 175 554 507 
553: 211 549 380 285 265 153 343 500 324 116 413 422 
554: 211 382 172 380 340 341 456 331 342 91 351 495 472 265 177 432 433 459 343 544 246 259 413 562 237 373 122 574 497 85 100 117 171 376 414 
213: 211 187 504 59 393 430 
494: 211 169 172 349 57 340 341 495 571 90 454 492 499 58 66 305 406 429 519 
466: 211 341 342 495 305 66 
538: 469 25 19 521 522 353 489 
410: 479 306 340 89 40 436 544 375 148 566 314 
550: 356 516 320 39 69 398 306 91 472 177 432 67 43 5 122 64 200 337 468 487 
520: 356 364 512 351 251 149 370 546 586 499 72 27 129 203 224 316 358 403 547 
546: 356 398 99 47 251 277 102 27 586 520 72 224 441 
358: 356 369 251 586 72 520 224 
224: 356 332 251 546 520 358 
491: 501 434 146 230 256 486 61 16 291 
61: 501 84 146 230 586 256 486 491 291 
488: 501 159 207 320 84 172 511 512 502 443 467 149 208 562 280 294 
64: 186 516 434 398 57 300 452 53 9 550 
377: 186 385 20 145 
97: 186 453 335 91 472 432 571 452 556 253 411 572 
123: 186 332 380 340 446 324 102 471 441 
262: 186 
392: 186 578 
539: 186 382 74 367 342 300 53 318 56 198 468 114 498 314 
438: 186 335 317 
196: 186 
442: 382 21 69 300 432 350 11 135 148 314 
319: 382 25 172 482 19 179 154 430 308 
386: 382 423 25 398 340 341 108 459 522 234 116 122 221 576 
71: 382 182 172 340 341 277 490 
157: 382 465 230 327 463 
293: 382 398 154 481 152 
313: 382 379 141 548 456 459 577 
577: 382 456 459 233 313 
430: 379 398 109 341 19 91 261 40 139 153 432 433 245 5 259 411 556 541 388 176 103 237 572 36 147 184 213 289 319 589 566 573 
247: 379 34 285 341 472 433 324 9 22 77 85 372 413 543 
102: 379 380 512 223 123 546 13 507 200 471 441 390 
194: 379 555 432 122 357 
193: 516 529 256 132 8 527 
275: 516 50 439 
163: 516 141 416 300 225 
170: 516 177 199 198 
450: 516 492 
489: 516 473 538 124 
508: 516 
35: 529 4 34 340 431 33 234 
527: 529 525 256 132 566 8 193 254 
132: 529 69 256 8 527 193 
256: 529 158 159 69 340 341 146 179 8 527 61 132 193 205 271 491 
329: 529 586 
490: 529 71 578 124 
424: 158 168 476 380 398 524 252 139 443 230 562 541 56 338 528 
245: 159 69 333 324 430 33 
200: 159 364 398 288 47 467 550 102 218 441 390 
268: 207 189 185 467 208 307 517 12 567 
460: 207 306 40 90 133 586 75 178 279 281 
569: 207 283 514 30 
124: 418 490 463 489 
209: 418 362 56 565 
43: 364 69 398 509 341 18 456 223 459 116 550 122 183 92 44 
72: 364 172 380 398 251 546 586 525 27 520 536 358 
190: 364 511 398 187 89 342 233 62 391 406 
276: 364 486 
325: 364 
360: 364 172 
517: 364 69 451 268 77 249 138 357 464 485 
145: 423 25 19 17 377 264 
355: 549 346 300 125 77 533 
449: 549 34 39 548 421 122 259 497 551 
181: 434 
258: 434 182 
297: 434 39 285 472 47 500 287 431 328 22 318 373 
439: 434 352 498 14 55 275 
396: 182 397 
397: 182 396 
144: 563 334 283 359 385 125 586 36 
282: 563 172 139 433 485 
327: 320 73 457 548 524 89 24 459 9 157 
120: 320 
250: 320 467 236 178 
572: 320 19 91 139 433 571 544 564 97 103 237 405 505 430 114 573 
545: 320 25 74 172 139 443 544 
415: 320 108 37 
106: 4 456 555 197 122 259 
234: 4 69 35 5 541 386 388 
246: 4 340 341 215 22 212 554 
255: 4 89 139 283 302 459 558 324 92 267 353 
13: 4 223 7 133 126 161 102 
236: 4 91 433 28 250 413 
175: 4 25 172 398 443 459 116 148 413 471 221 414 
115: 21 57 499 498 58 
264: 25 19 103 20 145 
103: 25 109 19 139 571 430 264 36 237 405 505 572 573 
237: 25 139 571 554 103 201 430 239 505 405 572 202 
22: 34 398 340 341 590 177 448 247 248 297 246 92 9 586 
33: 34 91 245 248 35 116 373 
142: 34 431 
399: 34 398 285 340 590 472 251 208 562 
318: 34 89 47 297 9 463 539 
556: 34 398 285 19 458 335 91 472 288 432 433 452 402 558 467 149 431 413 562 5 97 122 411 430 391 428 441 573 
551: 39 122 449 
373: 41 252 297 554 33 530 
574: 41 472 554 413 
249: 69 433 517 375 464 111 463 357 
534: 69 
540: 69 385 99 427 273 178 220 231 295 513 
307: 69 340 341 283 277 268 
9: 73 306 340 590 88 223 40 177 443 459 247 248 197 5 327 86 229 483 22 413 64 318 
507: 73 398 459 197 375 102 38 95 414 
30: 74 141 323 199 314 569 
79: 74 398 300 111 
85: 84 247 554 413 217 
98: 130 141 53 50 514 290 
394: 130 467 290 
95: 136 507 66 
497: 156 398 226 351 433 558 47 149 116 554 499 562 86 449 58 66 
290: 156 114 407 98 394 
152: 168 169 88 500 586 293 220 
487: 169 398 550 56 
365: 169 
294: 169 488 
405: 169 19 342 571 103 237 239 572 
17: 172 88 522 20 145 
66: 172 349 352 342 495 494 497 518 498 305 519 299 95 466 477 
128: 172 369 558 446 370 260 176 441 
422: 172 524 458 385 553 391 
567: 172 332 385 268 
305: 172 349 352 342 495 544 494 413 518 498 66 519 466 
92: 457 456 590 261 255 431 43 22 375 372 589 151 
426: 457 465 306 456 108 459 197 
80: 332 453 351 300 555 177 179 575 277 317 
589: 332 590 223 228 92 411 430 229 70 303 
361: 334 96 
357: 334 398 451 590 558 251 517 464 249 194 
533: 367 292 89 443 343 65 14 355 
28: 369 398 109 443 236 586 31 
478: 369 
391: 369 283 556 190 422 408 
267: 503 255 154 222 
121: 380 77 
204: 380 77 110 
299: 380 340 252 448 573 66 528 
338: 380 398 451 101 252 562 424 528 
581: 380 458 
515: 380 
559: 380 555 558 
287: 398 285 340 368 324 3 297 431 
5: 398 458 89 91 472 432 452 544 234 9 430 556 56 388 550 259 
26: 398 
31: 398 495 433 67 28 471 
38: 398 507 
76: 398 
78: 398 
112: 398 6 
151: 398 504 555 92 
160: 398 
289: 398 91 139 411 430 
337: 398 400 550 441 
475: 398 443 425 
513: 398 351 540 
525: 398 91 472 252 47 125 564 527 27 72 
536: 398 83 208 72 105 568 
570: 398 432 
212: 509 524 226 246 272 
347: 285 431 
222: 451 267 
552: 57 
543: 340 226 368 47 247 248 122 259 492 
568: 340 177 536 
523: 341 179 197 526 
126: 366 524 13 
201: 524 19 177 571 420 471 20 174 237 
427: 524 99 90 540 231 295 
372: 18 252 433 247 92 468 
36: 19 125 586 103 430 144 254 308 
184: 19 433 286 430 519 403 
505: 19 571 103 237 572 
411: 19 335 91 472 432 433 368 452 47 544 431 97 122 430 556 289 468 589 
27: 455 351 47 251 546 15 586 562 525 72 520 77 253 437 463 
75: 455 460 
263: 455 253 
15: 456 47 463 27 444 
239: 331 7 237 405 
229: 590 473 9 589 566 
303: 590 589 
100: 342 495 554 
474: 91 432 433 
471: 91 40 177 420 421 123 175 102 201 31 202 441 
147: 91 432 430 
309: 91 243 82 241 242 284 
214: 91 432 
585: 348 
445: 261 
59: 226 195 213 
195: 226 44 59 
133: 108 460 13 
117: 351 116 554 413 
183: 252 432 433 370 43 
528: 252 467 562 541 206 338 424 299 
148: 504 432 175 442 410 566 
317: 504 277 80 438 
143: 278 446 370 260 176 
42: 283 
506: 288 
93: 300 586 
217: 300 85 
243: 300 24 309 82 241 242 284 
344: 300 
395: 300 433 20 
384: 300 47 447 56 62 519 
202: 177 420 197 471 237 
388: 433 234 5 430 
270: 433 
316: 189 520 
166: 459 
408: 359 391 
218: 385 200 
312: 385 20 
336: 385 
374: 385 
560: 385 
526: 179 523 308 54 496 
496: 179 575 526 
111: 542 249 79 12 
231: 99 427 273 272 540 266 
174: 99 362 201 
280: 402 488 
561: 402 149 
62: 185 190 384 
440: 185 
90: 47 2 67 484 427 460 494 244 480 
481: 47 562 293 
138: 96 517 
510: 286 463 
119: 45 
425: 125 328 475 441 
470: 467 473 
227: 521 522 
444: 363 15 586 463 
2: 324 277 90 
484: 90 272 441 
244: 90 
191: 149 
579: 248 
3: 287 
406: 544 494 586 190 
54: 165 526 
281: 460 279 
221: 175 386 
376: 554 447 492 498 
576: 386 
162: 562 
565: 259 209 
428: 556 
485: 517 282 
203: 520 566 
113: 375 
14: 353 533 439 
46: 161 110 167 
205: 256 
271: 256 
383: 483 266 345 
105: 536 
354: 566 
82: 309 243 241 242 284 
241: 309 243 82 242 284 
242: 309 243 82 241 284 
284: 309 243 82 241 242 
477: 66 
291: 61 491 
266: 383 231 
345: 383 
37: 415 
298: 274 
55: 439 
225: 163 
110: 204 46 167 
167: 46 110 48 
48: 167 
