4
6
9
10
12
13
18
19
20
22
23
24
25
27
29
33
34
36
40
41
43
46
47
50
51
53
56
57
58
61
63
66
69
72
73
74
77
80
89
90
91
92
94
99
102
103
108
109
111
116
122
125
130
134
135
139
140
141
143
145
146
149
150
152
157
158
159
164
167
168
169
172
173
175
177
182
185
186
190
197
198
199
207
211
212
213
215
223
226
231
232
234
236
237
239
243
247
251
252
253
256
257
259
267
268
277
283
285
286
288
290
297
300
304
306
314
319
320
324
328
332
333
335
340
341
342
343
351
352
353
357
359
361
362
363
364
368
369
370
375
379
380
382
383
385
389
390
398
400
411
412
413
417
418
420
423
424
430
431
432
433
434
435
439
441
442
443
446
447
449
451
452
456
457
458
459
460
463
467
471
472
473
476
479
482
486
488
490
491
492
494
495
498
499
504
507
512
514
516
517
518
519
520
522
524
526
527
528
529
533
536
537
538
539
540
544
548
549
550
553
554
555
556
558
562
563
564
566
571
572
573
575
584
586
589
590
