4
6
10
14
22
23
25
27
28
30
34
39
42
44
48
50
52
54
64
65
70
72
75
78
82
84
85
88
89
91
94
100
101
104
108
114
115
118
121
127
129
131
137
138
139
140
141
145
146
147
150
156
159
160
165
167
168
170
171
174
185
186
190
191
196
199
202
203
205
207
208
211
213
215
217
219
224
227
228
232
234
236
237
240
242
246
252
253
256
258
259
260
261
262
264
266
267
273
274
276
278
280
289
290
292
293
294
295
296
297
298
299
301
303
305
306
307
312
318
320
323
328
329
331
333
335
337
339
342
343
346
348
349
351
352
353
354
355
357
360
363
365
368
371
372
373
376
377
379
380
383
385
386
396
397
398
399
400
402
403
412
416
418
420
421
422
423
424
427
433
434
435
436
439
442
446
449
452
454
455
456
461
466
467
469
470
472
473
476
477
478
479
480
482
483
485
486
487
492
493
495
498
499
500
501
502
503
504
505
511
513
518
519
520
521
523
525
528
529
531
532
535
539
540
541
542
543
546
547
548
549
550
551
552
557
558
563
564
568
572
573
575
585
586
593
597
598
599
600
604
605
619
620
622
625
626
628
634
635
638
639
640
641
643
644
645
647
649
651
652
655
656
657
662
664
665
666
667
668
669
671
673
679
680
686
688
689
693
696
698
699
700
701
702
703
705
706
713
715
718
719
720
721
723
730
735
739
745
746
747
748
749
755
761
767
770
771
773
774
777
787
789
791
792
793
795
799
800
801
802
803
805
806
811
819
824
828
829
832
835
837
839
840
841
842
844
846
848
849
855
857
858
860
861
863
868
869
871
873
876
877
879
890
891
893
899
901
902
903
904
906
907
912
915
923
925
927
929
938
941
942
946
947
948
949
950
953
955
958
959
962
964
965
966
968
969
971
974
975
978
979
980
982
985
991
992
993
1007
1009
1010
1011
1012
1013
1014
1015
1016
1017
1018
1020
1022
1025
1027
1029
1030
1032
1034
1037
1041
1043
1044
1045
1046
1048
1049
1050
1054
1058
1062
1067
1069
1070
1072
1074
1076
1078
1081
1084
1089
1092
1094
1101
1102
1110
1112
1115
1116
1117
1118
1120
1122
1124
1133
1134
1136
1137
1139
1140
1141
1150
1152
1153
1154
1157
1158
1159
1161
1163
1164
1166
1167
1172
1175
1181
1191
1192
1194
1196
1198
1199
1203
1207
1208
1209
1210
1211
1214
1215
1216
1217
1218
1219
1223
1228
1234
1244
1245
1248
1249
1252
1256
1257
1263
1266
1270
1271
1274
1276
1289
1290
1292
1295
1296
1303
1304
1305
1306
1308
1310
1314
1315
1317
1324
1326
1331
1332
1333
1334
1335
1339
1343
1350
1352
1355
1356
1357
1359
1361
1366
1367
1370
1374
1377
1378
1383
1384
1386
1387
1388
1389
1391
1392
1394
1398
1401
1404
1407
1414
1419
1424
1426
1427
1428
1429
1430
1431
1432
1441
1446
1450
1451
1454
1455
1456
1457
1458
1461
1462
1470
1474
1477
1479
1480
1482
1483
1484
1487
1491
1493
1494
1495
1499
1500
1501
1502
1504
1507
1510
1513
1515
1527
1531
1532
1534
1540
1542
1545
1547
1548
1550
1551
1552
1553
1554
1555
1558
1562
1563
1575
1578
1579
1580
1582
1583
1586
1587
1589
1598
1600
1602
1605
1606
1611
1613
1615
1618
1619
1623
1624
1625
1626
1631
1635
1638
1639
1642
1644
1653
1655
1656
1657
1664
1670
1671
1675
1677
1681
1683
1684
1685
1687
1688
1690
1691
1693
1694
1695
1696
1697
1700
1702
1703
1706
1707
1710
1713
1714
1717
1719
1720
1724
1725
1728
1729
1730
1732
1733
1738
1740
1741
1743
1746
1749
1752
1755
1757
1758
1761
1762
1763
1764
1765
1768
1773
1777
1778
1779
1780
1784
1786
1788
1789
1790
1791
1792
1793
1797
1800
1801
1804
1808
1809
1813
1817
1818
1819
1822
1823
1825
1830
1833
1835
1842
1845
1847
1848
1850
1851
1852
1866
1867
1872
1874
1878
1881
1883
1884
1885
1893
1894
1895
1896
1900
1902
1903
1904
1906
1909
1914
1915
1917
1918
1920
1923
1924
1928
1934
1937
1939
1940
1942
1943
1944
1945
1946
1947
1949
1953
1954
1965
1967
1970
1972
1980
1981
1982
1983
1989
1992
1993
1997
2000
2002
2007
2008
2011
2014
2017
2020
2021
2022
2024
2029
2032
2034
2037
2041
2043
2046
2049
2051
2054
2055
2056
2062
2063
2064
2065
2069
2070
2073
2075
2076
2078
2079
2080
2089
2090
2091
2098
2100
2101
2106
2109
2110
2111
2113
2115
2116
2122
2124
2125
2127
2131
2134
2138
2140
2141
2146
2150
2159
2160
2162
2163
2165
2166
2167
2171
2173
2174
2175
2176
2177
2180
2182
2183
2184
2186
2189
2191
2199
2202
2203
2204
2206
2207
2211
2212
2215
2217
2221
2224
2227
2229
2230
2231
2232
2233
2237
2238
2239
2240
2241
2249
2250
2253
2254
2256
2257
2259
2263
2266
2268
2269
2271
2272
2273
2278
2279
2280
2281
2282
2286
2298
2300
2301
2302
2303
2307
2308
2309
2310
2320
2321
2323
2326
2327
2328
2331
2332
2334
2335
2346
2349
2350
2352
2353
2360
2361
2363
2369
2371
2373
2374
2381
2382
2385
2386
2388
2390
2393
2399
2401
2403
2405
2406
2407
2410
2412
2413
2414
2420
2421
2423
2424
2425
2426
2427
2428
2429
2432
2434
2437
2439
2444
2445
2447
2448
2449
2453
2454
2455
2462
2471
2479
2482
