0
3
10
14
15
16
17
20
21
29
31
33
34
39
47
53
56
57
60
62
63
64
65
66
68
69
71
74
78
79
85
86
87
91
92
95
98
101
104
109
112
114
116
117
118
121
122
124
125
126
128
132
133
137
142
145
146
150
154
155
161
162
163
167
169
171
180
182
183
184
187
188
189
190
191
195
197
198
202
204
205
206
208
213
215
218
219
224
226
227
228
229
230
231
232
235
241
251
253
256
257
263
265
267
271
272
273
275
277
278
282
283
284
286
290
292
297
300
301
309
314
317
321
322
324
325
330
333
336
340
342
344
348
349
353
355
359
361
362
366
367
369
372
376
383
384
385
387
389
390
391
392
393
394
395
396
397
400
402
403
407
414
417
422
426
428
429
430
431
437
438
440
444
445
448
449
450
453
456
457
459
460
461
468
469
473
474
475
478
482
485
486
490
496
497
499
500
501
502
510
512
513
517
520
521
522
524
525
527
529
535
536
537
539
541
542
543
545
546
547
550
552
555
563
569
572
573
574
576
578
580
581
583
584
585
588
591
592
593
594
596
597
600
601
607
612
618
620
622
623
630
632
635
636
637
638
639
641
642
643
646
647
648
649
650
652
654
656
657
658
659
660
662
664
665
668
672
673
676
677
678
679
680
681
682
683
684
685
686
692
694
700
701
703
704
705
706
708
709
713
717
718
725
729
731
732
736
737
738
739
742
743
746
747
748
750
751
755
759
760
768
771
772
774
778
781
785
786
787
788
794
795
803
804
805
806
809
811
820
821
822
823
829
831
834
837
844
846
848
850
853
854
858
859
861
863
864
865
866
867
869
871
873
874
876
877
878
881
882
883
884
885
887
888
889
890
892
895
897
898
902
903
904
910
913
914
916
917
919
920
922
926
927
931
932
933
936
937
938
946
950
952
953
959
960
962
963
964
965
966
968
969
970
973
976
981
988
989
990
991
992
993
1012
1015
1016
1017
1020
1027
1028
1031
1032
1033
1034
1036
1038
1040
1050
1055
1057
1059
1067
1068
1070
1071
1073
1076
1079
1084
1086
1087
1089
1092
1094
1097
1099
1101
1104
1107
1109
1111
1116
1117
1118
1119
1122
1123
1124
1125
1133
1146
1147
1154
1157
1159
1160
1163
1167
1169
1174
1175
1176
1178
1180
1182
1184
1188
1193
1194
1195
1197
1198
1201
1203
1207
1213
1221
1229
1234
1235
1236
1237
1243
1245
1248
1249
1250
1251
1260
1262
1265
1266
1268
1269
1274
1278
1279
1280
1282
1285
1287
1289
1293
1294
1297
1319
1320
1323
1329
1330
1334
1335
1338
1339
1341
1343
1345
1348
1349
1350
1358
1359
1364
1366
1367
1368
1369
1370
1376
1377
1380
1382
1383
1385
1386
1387
1389
1393
1395
1397
1399
1400
1403
1404
1406
1413
1414
1425
1427
1428
1429
1430
1433
1434
1435
1436
1437
1440
1441
1442
1443
1444
1448
1449
1450
1455
1456
1458
1462
1464
1467
1471
1476
1478
1479
1481
1482
1484
1485
1486
1487
1490
1491
1492
1498
1501
1503
1508
1512
1513
1515
1516
1518
1521
1524
1526
1528
1531
1533
1534
1541
1543
1546
1549
1552
1553
1555
1557
1560
1567
1568
1569
1571
1572
1575
1580
1582
1585
1586
1587
1590
1595
1596
1598
1600
1601
1609
1613
1615
1617
1619
1627
1628
1630
1633
1634
1635
1638
1639
1640
1642
1643
1644
1645
1646
1647
1648
1649
1654
1656
1657
1659
1666
1676
1677
1678
1679
1681
1682
1683
1684
1690
1692
1693
1695
1697
1698
1702
1703
1708
1709
1711
1714
1715
1716
1717
1719
1724
1728
1730
1735
1739
1742
1744
1752
1754
1755
1756
1758
1760
1761
1764
1768
1769
1773
1778
1780
1781
1784
1785
1786
1787
1789
1791
1792
1795
1802
1810
1811
1817
1818
1823
1825
1828
1829
1830
1831
1832
1834
1836
1840
1841
1843
1844
1850
1852
1855
1856
1858
1866
1867
1868
1869
1870
1876
1881
1883
1890
1894
1898
1899
1903
1908
1909
1912
1916
1917
1920
1922
1925
1926
1928
1929
1930
1931
1932
1933
1934
1935
1937
1938
1939
1942
1948
1949
1951
1955
1959
1961
1962
1965
1967
1968
1970
1978
1980
1981
1984
1987
1991
1992
1993
1994
1995
2003
2008
2012
2013
2014
2018
2019
2023
2024
2025
2027
2028
2029
2031
2037
2039
2044
2051
2055
2057
2061
2064
2068
2069
2073
2079
2080
2082
2084
2086
2091
2092
2093
2096
2099
2103
2104
2107
2110
2111
2114
2117
2119
2128
2135
2136
2137
2140
2141
2142
2145
2149
2151
2153
2161
2162
2163
2165
2167
2168
2169
2170
2171
2172
2173
2174
2177
2180
2182
2183
2187
2188
2192
2196
2198
2202
2203
2204
2205
2206
2211
2213
2216
2217
2218
2220
2222
2231
2233
2235
2237
2238
2239
2242
2244
2246
2247
2248
2258
2259
2262
2264
2265
2268
2269
2273
2276
2278
2279
2283
2285
2286
2287
2289
2291
2293
2297
2298
2299
2300
2302
2305
2316
2317
2319
2320
2321
2325
2327
2328
2329
2330
2333
2336
2337
2340
2342
2344
2345
2347
2350
2353
2355
2358
2359
2362
2364
2365
2366
2368
2369
2373
2376
2380
2383
2386
2389
2392
2394
2397
2400
2401
2402
2407
2408
2411
2412
2413
2414
2415
2417
2419
2423
2425
2427
2428
2429
2430
2431
2432
2436
2437
2441
2445
2452
2453
2457
2459
2460
2461
2463
2467
2473
2477
2478
2479
2480
2484
2492
2493
2495
2497
2499
2500
2501
2502
2503
2504
2506
2507
2510
2511
2512
2516
2517
2520
2521
2524
2526
2527
2531
2536
2537
2538
2541
2543
2544
2545
2548
2549
2551
2556
2560
2561
2562
2567
2568
2571
2573
2575
2576
2578
2580
2581
2583
2585
2593
2595
2598
2608
2614
2616
2620
2621
2624
2626
2627
2628
2629
2632
2636
2641
2642
2643
2644
2645
2646
2647
2648
2651
2652
2655
2656
2657
2659
2661
2662
2668
2669
2670
2672
2673
2677
2678
2679
2680
2682
2684
2685
2686
2689
2691
2692
2694
2695
2696
2697
2698
2700
2701
2702
2704
2706
2707
2708
2709
2710
2715
2719
2721
2728
2730
2733
2740
2743
2745
2747
2753
2754
2755
2757
2759
2760
2762
2766
2770
2771
2774
2775
2778
2780
2786
2790
2795
2803
2808
2809
2810
2825
2827
2830
2833
2834
2839
2842
2845
2846
2848
2853
2855
2857
2859
2860
2861
2862
2865
2866
2867
2868
2869
2870
2871
2877
2878
2880
2881
2887
2889
2890
2892
2900
2902
2903
2904
2908
2915
2918
2920
2921
2923
2926
2929
2930
2934
2935
2938
2941
2942
2943
2944
2948
2952
2956
2957
2958
2965
2969
2970
2974
2976
2977
2978
2985
2986
2988
2991
2995
3005
3010
3013
3014
3016
3018
3020
3021
3022
3030
3034
3035
3036
3037
3041
3042
3043
3044
3045
3046
3048
3052
3055
3056
3063
3064
3068
3069
3071
3072
3073
3075
3077
3078
3079
3080
3084
3086
3089
3092
3095
3097
3098
3099
3100
3103
3105
3108
3109
3110
3112
3116
3118
3122
3124
3133
3134
3136
3141
3142
3144
3145
3156
3158
3159
3161
3165
3166
3169
3174
3175
3176
3177
3179
3183
3187
3200
3203
3204
3205
3206
3209
3210
3211
3212
3213
3215
3231
3232
3233
3235
3240
3243
3244
3246
3247
3248
3253
3254
3255
3258
3261
3264
3266
3268
3271
3280
3281
3283
3288
3298
3299
3301
3304
3306
3307
3310
3311
3313
3315
3317
3318
3319
3326
3330
3332
3333
3335
3336
3338
3342
3344
3348
3351
3352
3354
3355
3358
3360
3363
3364
3366
3368
3373
3374
3379
3382
3383
3386
3387
3389
3392
3395
3399
3401
3404
3407
3410
3411
3413
3417
3418
3421
3422
3426
3427
3430
3433
3436
3438
3439
3440
3447
3450
3452
3454
3455
3459
3467
3469
3473
3474
