2
5
7
9
15
16
18
19
24
30
32
39
41
46
49
50
54
55
58
60
62
65
70
72
82
83
86
93
95
96
97
98
102
104
106
108
114
119
120
121
122
123
124
125
126
134
137
140
142
143
144
145
148
149
156
160
161
170
175
178
181
182
186
192
193
194
195
198
200
201
203
204
205
206
207
208
209
211
213
214
215
217
221
224
226
230
232
233
234
236
237
238
245
246
247
248
249
255
262
263
264
268
270
274
275
278
284
285
286
287
289
298
300
301
303
304
305
307
308
313
314
315
316
319
323
324
327
328
331
335
336
337
338
340
341
345
347
348
349
353
354
356
357
359
360
361
362
363
364
367
373
376
378
379
380
383
386
388
391
392
393
394
396
397
398
399
401
406
409
413
417
420
427
432
434
443
450
451
454
455
457
460
461
462
463
464
465
468
469
470
473
475
476
477
478
480
483
484
486
489
493
494
495
496
498
499
505
507
518
521
522
523
524
525
528
532
533
535
544
545
546
549
550
553
558
559
560
561
562
563
564
567
568
569
570
571
573
577
583
586
588
590
591
594
596
599
601
603
604
606
607
608
614
615
616
617
619
624
629
636
637
643
644
646
649
652
653
655
657
659
661
662
670
676
677
678
679
681
682
684
686
688
689
690
691
692
696
700
701
702
709
712
722
723
724
725
727
728
729
730
731
732
733
734
738
739
743
745
747
753
754
755
756
757
758
759
762
763
764
769
771
772
773
774
775
778
782
784
790
798
800
801
806
810
811
813
815
823
824
828
829
834
836
838
839
843
844
845
847
848
849
852
856
857
863
866
870
872
873
876
879
881
883
884
886
887
888
890
891
895
898
903
912
915
916
923
927
928
930
933
936
938
939
941
944
953
954
956
959
961
962
969
971
973
974
975
976
979
984
985
988
989
991
992
994
996
1002
1005
1006
1007
1008
1012
1013
1014
1016
1020
1023
1025
1027
1030
1033
1037
1043
1045
1046
1047
1048
1049
1050
1059
1060
1063
1065
1066
1069
1076
1079
1080
1083
1084
1085
1087
1088
1089
1090
1092
1093
1096
1098
1100
1102
1103
1106
1109
1112
1115
1119
1120
1127
1128
1130
1139
1140
1141
1142
1143
1144
1145
1146
1147
1148
1150
1153
1161
1164
1165
1167
1170
1171
1174
1176
1182
1183
1184
1186
1189
1195
1196
1201
1202
1206
1208
1209
1215
1227
1228
1229
1233
1236
1238
1240
1241
1243
1245
1247
1249
1251
1254
1255
1256
1257
1258
1260
1262
1263
1266
1267
1269
1272
1273
1274
1275
1276
1279
1280
1283
1285
1286
1287
1291
1292
1293
1294
1297
1301
1304
1307
1308
1309
1310
1311
1312
1315
1317
1320
1326
1327
1328
1329
1330
1331
1336
1339
1340
1349
1353
1354
1357
1358
1361
1364
1365
1366
1367
1371
1375
1376
1377
1384
1389
1398
1400
1401
1402
1403
1406
1407
1408
1413
1415
1416
1417
1419
1420
1425
1426
1428
1431
1434
1436
1439
1440
1443
1444
1445
1446
1449
1452
1459
1461
1464
1465
1467
1468
1471
1474
1475
1476
1479
1482
1487
1490
1493
1496
1500
1503
1506
1507
1511
1512
1520
1522
1524
1525
1526
1527
1529
1534
1537
1542
1543
1544
1545
1548
1555
1556
1557
1564
1565
1567
1570
1578
1582
1584
1588
1593
1595
1601
1603
1605
1611
1613
1614
1615
1616
1619
1623
1624
1626
1633
1635
1636
1637
1638
1639
1646
1649
1651
1652
1655
1656
1657
1661
1663
1664
1665
1669
1670
1671
1672
1673
1676
1680
1682
1688
1689
1694
1696
1698
1700
1705
1711
1712
1717
1718
1719
1720
1722
1730
1732
1733
1735
1740
1741
1742
1743
1744
1746
1748
1755
1756
1759
1760
1767
1769
1772
1780
1782
1784
1786
1790
1791
1794
1795
1806
1810
1814
