4
6
10
13
14
16
22
23
25
27
28
30
34
37
39
42
44
46
48
50
54
56
61
64
65
70
72
75
78
81
82
84
85
87
88
91
92
94
100
101
105
108
113
114
115
118
121
125
127
129
130
131
137
138
139
140
142
145
146
147
150
156
159
160
165
167
168
170
171
174
185
186
189
190
191
196
199
202
203
205
206
207
208
209
213
215
224
225
227
228
234
237
240
242
246
249
252
253
256
258
259
260
261
262
264
266
272
273
276
278
280
289
290
291
292
293
294
295
296
298
299
301
302
305
306
307
312
315
318
320
323
328
329
332
333
335
336
337
339
342
343
346
348
349
351
352
353
354
357
360
363
364
368
371
372
373
376
377
379
380
385
386
396
397
398
399
400
402
403
404
412
416
418
419
420
421
422
424
426
427
433
434
435
436
439
441
442
446
449
452
454
455
456
460
461
466
467
469
470
472
476
477
479
480
482
483
485
487
490
492
493
495
498
499
500
501
502
503
506
511
513
518
521
522
523
525
528
529
532
535
539
540
541
542
543
546
547
548
549
550
551
552
563
564
568
569
572
573
574
585
586
593
598
599
600
604
605
609
620
622
623
625
628
632
634
635
638
639
640
641
643
644
645
647
649
651
652
655
657
662
664
665
666
667
668
669
671
673
679
680
682
686
688
689
693
696
699
700
701
702
703
705
706
713
715
717
719
720
721
723
730
732
739
745
746
747
748
749
752
761
770
771
773
774
787
789
791
792
793
795
799
800
801
802
803
805
806
808
811
818
819
824
826
828
829
832
835
837
839
840
842
844
846
848
854
855
857
858
861
863
868
869
871
873
876
877
879
880
890
891
899
901
902
903
906
907
912
915
923
925
927
929
931
937
941
942
946
947
948
949
950
953
955
958
959
962
964
965
966
968
969
971
974
975
978
979
980
982
984
985
989
991
992
993
1007
1009
1010
1011
1012
1014
1015
1016
1017
1018
1022
1027
1029
1032
1034
1036
1037
1041
1043
1044
1046
1048
1049
1050
1051
1054
1058
1060
1062
1067
1069
1070
1072
1074
1076
1077
1078
1081
1084
1089
1092
1094
1096
1099
1101
1102
1110
1112
1115
1116
1117
1118
1119
1120
1122
1133
1134
1136
1137
1139
1140
1141
1148
1150
1152
1153
1154
1157
1158
1159
1161
1163
1164
1166
1167
1172
1175
1177
1181
1191
1194
1196
1198
1199
1203
1207
1208
1209
1211
1212
1214
1215
1216
1217
1218
1219
1223
1228
1230
1235
1243
1244
1245
1246
1248
1249
1252
1256
1257
1261
1263
1266
1270
1271
1274
1276
1284
1289
1290
1295
1296
1303
1304
1305
1306
1310
1314
1315
1317
1319
1324
1326
1331
1332
1333
1334
1335
1339
1345
1347
1350
1352
1355
1356
1357
1361
1366
1367
1370
1373
1374
1377
1378
1381
1383
1384
1386
1387
1388
1389
1392
1394
1398
1399
1401
1402
1407
1414
1419
1424
1425
1427
1428
1429
1430
1431
1441
1450
1451
1454
1455
1456
1457
1458
1461
1462
1470
1477
1479
1480
1481
1482
1483
1484
1487
1489
1491
1493
1495
1499
1500
1501
1502
1504
1507
1510
1513
1515
1527
1531
1532
1534
1540
1547
1548
1550
1551
1552
1553
1554
1555
1556
1558
1560
1561
1562
1563
1565
1575
1578
1579
1580
1582
1583
1586
1587
1589
1591
1600
1602
1605
1606
1611
1613
1615
1618
1619
1623
1624
1625
1630
1635
1638
1642
1644
1655
1656
1657
1664
1670
1671
1675
1677
1681
1682
1683
1684
1685
1687
1688
1690
1691
1693
1694
1695
1696
1697
1700
1702
1703
1706
1707
1710
1713
1717
1719
1720
1724
1728
1730
1732
1733
1738
1740
1741
1743
1746
1749
1757
1758
1761
1762
1763
1764
1765
1768
1773
1777
1778
1780
1784
1786
1788
1789
1790
1791
1792
1793
1797
1800
1801
1804
1808
1809
1813
1815
1817
1818
1819
1822
1823
1825
1830
1834
1835
1841
1842
1845
1846
1847
1850
1851
1852
1857
1867
1872
1874
1878
1881
1883
1884
1885
1893
1894
1895
1896
1902
1903
1904
1908
1909
1914
1915
1917
1918
1920
1923
1924
1927
1928
1934
1937
1939
1940
1942
1944
1945
1946
1947
1949
1954
1967
1970
1972
1974
1976
1979
1980
1981
1982
1983
1984
1986
1989
1997
2002
2007
2008
2011
2014
2017
2021
2022
2024
2029
2032
2034
2037
2041
2043
2046
2049
2051
2054
2055
2056
2062
2063
2064
2065
2069
2070
2073
2074
2075
2076
2078
2079
2080
2082
2089
2090
2091
2098
2100
2101
2104
2106
2109
2110
2111
2113
2115
2122
2124
2131
2134
2138
2140
2141
2146
2150
2159
2160
2162
2165
2166
2167
2173
2174
2175
2176
2177
2180
2182
2184
2186
2189
2191
2199
2202
2204
2205
2206
2207
2208
2211
2212
2215
2217
2221
2223
2224
2227
2229
2230
2231
2233
2237
2239
2240
2241
2249
2250
2252
2253
2254
2256
2257
2259
2263
2266
2268
2269
2271
2272
2273
2279
2281
2286
2297
2298
2301
2302
2307
2308
2309
2310
2320
2321
2322
2323
2326
2327
2328
2331
2332
2334
2335
2346
2349
2352
2361
2363
2369
2371
2373
2374
2381
2382
2384
2385
2386
2388
2390
2393
2401
2403
2405
2407
2410
2412
2413
2414
2420
2421
2423
2424
2426
2427
2428
2429
2432
2434
2436
2437
2439
2444
2445
2447
2448
2449
2451
2453
2454
2455
2459
2462
2471
2479
2482
