1
4
7
11
13
14
15
16
19
20
22
24
26
28
31
37
38
42
44
47
49
51
54
61
64
66
67
69
71
72
77
78
79
80
85
87
88
89
90
91
95
96
99
103
104
105
106
107
110
116
118
119
124
128
129
133
134
135
136
139
142
144
145
150
151
153
155
156
158
160
161
164
166
169
174
179
181
188
189
190
191
195
196
197
198
200
202
203
206
208
210
211
215
218
219
221
224
226
227
228
230
232
235
236
237
239
240
241
242
243
245
246
247
250
252
256
258
259
260
263
265
266
267
268
271
272
274
276
277
278
280
283
285
287
288
290
294
295
296
297
298
300
301
302
303
309
314
318
322
328
329
331
333
338
343
349
350
354
355
358
359
360
361
363
367
368
370
372
374
375
377
378
382
383
388
389
393
402
410
412
413
414
415
417
419
422
423
434
435
436
437
439
440
441
442
444
447
453
455
457
460
461
463
465
466
467
470
471
473
478
481
486
487
491
494
496
498
499
500
502
505
509
512
513
514
515
516
517
520
522
523
525
530
534
536
544
550
551
552
553
554
555
556
557
558
560
561
564
566
571
573
575
577
578
583
584
587
589
590
594
598
602
604
610
612
616
622
623
625
631
632
633
634
635
636
641
642
643
648
649
651
652
654
658
666
669
670
674
675
678
679
681
682
683
687
689
695
697
698
702
705
711
715
717
720
730
732
733
735
738
739
745
746
747
748
754
755
758
759
764
765
767
769
771
772
774
777
780
781
787
790
793
794
803
805
806
813
815
818
819
820
822
824
826
828
831
835
848
854
858
859
861
863
864
865
866
867
871
872
873
874
879
881
883
885
888
895
896
898
900
902
904
905
908
912
917
918
919
924
929
933
934
935
938
939
940
941
948
949
950
952
953
958
959
960
962
965
966
969
973
975
977
978
979
982
984
987
988
992
993
994
996
997
998
999
1000
1002
1005
1008
1009
1014
1015
1016
1018
1025
1026
1029
1033
1034
1035
1037
1038
1044
1046
1048
1050
1054
1055
1056
1059
1060
1061
1062
1065
1067
1070
1071
1074
1076
1080
1082
1085
1087
1088
1089
1095
1097
1099
1106
1109
1110
1114
1130
1133
1137
1138
1141
1142
1145
1150
1151
1152
1153
1155
1156
1157
1162
1163
1165
1166
1173
1174
1177
1178
1181
1182
1183
1185
1186
1188
1192
1196
1200
1204
1207
1208
1211
1214
1215
1216
1217
1227
1228
1229
1230
1231
1232
1233
1234
1245
1246
1247
1251
1252
1253
1257
1258
1260
1261
1263
1264
1270
1271
1274
1284
1286
1290
1291
1292
1293
1296
1297
1307
1308
1315
1318
1323
1326
1327
1332
1337
1341
1342
1346
1348
1352
1355
1359
1370
1373
