2
6
9
14
15
16
17
18
23
25
28
30
31
32
36
41
45
47
49
51
52
54
55
57
58
59
61
62
64
65
69
74
77
78
84
85
86
88
90
91
92
93
97
98
99
102
103
104
106
109
114
116
117
118
119
120
121
124
125
127
129
131
137
140
141
144
145
148
150
152
159
160
162
169
174
179
182
183
186
187
192
195
196
198
199
200
201
206
207
209
210
211
212
213
214
216
217
218
219
221
222
225
227
229
232
235
237
238
241
242
246
247
248
251
254
255
256
259
263
269
270
271
272
273
275
280
281
283
284
287
289
290
291
295
302
306
307
308
309
310
312
315
316
320
321
322
323
324
327
330
334
338
342
345
346
347
348
350
353
357
358
360
361
362
365
367
368
370
373
374
375
376
377
378
379
381
383
385
386
387
389
390
391
396
398
399
404
405
406
407
409
410
411
412
413
415
418
421
425
427
433
440
441
443
444
446
448
451
459
462
463
464
465
467
469
470
472
473
474
477
478
479
486
489
491
493
494
496
498
501
502
504
512
513
514
516
517
521
525
537
540
541
546
550
556
557
558
559
563
571
572
573
574
575
577
580
581
583
588
593
597
599
601
606
608
609
611
613
615
616
621
622
623
625
633
634
635
640
641
648
649
653
655
662
668
670
672
673
680
682
684
685
686
687
689
692
694
697
701
702
707
711
714
715
717
723
726
727
736
738
739
740
741
743
744
745
746
747
749
751
752
757
758
760
765
769
770
771
772
773
774
776
781
786
788
789
790
791
792
795
797
800
803
805
809
811
812
821
824
825
826
827
829
839
842
844
845
852
853
855
858
859
861
862
863
865
866
867
868
872
877
879
884
886
888
891
894
895
896
898
899
900
901
902
903
905
909
919
920
921
923
924
932
933
938
941
947
949
952
959
963
966
967
968
972
977
978
979
980
983
990
991
992
994
997
1000
1001
1004
1005
1006
1008
1009
1011
1012
1016
1017
1019
1022
1027
1029
1031
1033
1037
1040
1041
1045
1047
1049
1051
1052
1053
1054
1055
1063
1071
1073
1074
1075
1078
1086
1090
1091
1093
1094
1095
1096
1097
1098
1099
1101
1102
1105
1107
1109
1112
1113
1114
1115
1118
1120
1128
1132
1133
1134
1143
1144
1145
1146
1147
1148
1149
1150
1151
1155
1156
1157
1158
1160
1168
1171
1172
1173
1174
1176
1178
1179
1182
1189
1190
1192
1194
1202
1203
1205
1206
1211
1212
1215
1229
1230
1231
1233
1236
1237
1238
1242
1244
1246
1249
1251
1252
1259
1265
1266
1268
1269
1271
1272
1275
1277
1278
1279
1285
1286
1287
1292
1293
1299
1300
1304
1305
1308
1310
1311
1316
1317
1318
1319
1323
1325
1326
1330
1334
1339
1340
1343
1345
1353
1354
1355
1360
1362
1366
1372
1375
1377
1378
1381
1383
1389
1390
1391
1392
1394
1397
1398
1399
1400
1402
1406
1408
1409
1412
1415
1416
1420
1422
1424
1425
1427
1432
1433
1435
1436
1437
1438
1439
1441
1444
1445
1448
1449
1451
1455
1457
1458
1462
1463
1464
1466
1472
1477
1479
1484
1488
1491
1492
1496
1500
1505
1506
1508
1510
1511
1512
1516
1517
1518
1522
1523
1525
1528
1534
1535
1536
1544
1548
1549
1551
1552
1558
1559
1563
1569
1571
1572
1578
1582
1588
1591
1593
1594
1595
1598
1599
1603
1605
1607
1609
1619
1621
1622
1626
1627
1631
1633
1634
1635
1638
1640
1641
1642
1644
1648
1649
1650
1655
1656
1658
1661
1663
1665
1669
1675
1676
1682
1683
1687
1690
1691
1693
1698
1699
1700
1703
1704
1705
1706
1716
1719
1720
1729
1731
1735
1736
1738
1747
1749
1752
1762
1764
1766
1769
1771
1774
1775
1777
1781
1783
1786
1787
1790
1791
1796
1797
1798
1809
1816
1818
