2
5
8
15
16
17
18
23
25
28
29
36
40
41
42
47
49
50
52
53
54
57
58
66
69
70
76
77
78
79
81
82
83
88
89
90
93
95
99
100
101
105
106
107
110
113
116
122
124
125
127
134
138
139
144
146
149
150
151
157
158
161
164
166
168
170
171
176
177
178
180
181
182
183
184
185
188
190
192
193
196
198
200
203
205
209
213
215
217
218
222
223
226
230
232
235
236
237
238
239
240
243
244
245
247
248
251
252
253
254
257
264
267
268
270
272
276
280
281
282
283
284
287
290
293
297
303
304
305
306
308
310
312
313
314
315
317
319
323
325
327
328
329
330
331
335
338
339
340
341
342
350
354
355
357
358
359
360
361
363
364
366
369
371
373
380
382
387
388
390
391
393
395
400
409
410
411
413
415
416
418
419
420
423
424
425
426
432
435
437
438
440
442
444
445
447
450
453
454
456
457
458
459
467
476
478
479
482
485
489
495
496
497
498
507
508
510
512
514
516
520
523
525
531
533
534
535
536
537
539
540
544
545
546
547
553
559
564
566
567
572
577
578
583
585
587
596
600
602
603
605
606
609
614
617
621
622
629
630
631
640
642
643
644
645
647
648
649
650
651
652
653
655
656
660
666
669
670
671
672
673
674
676
680
684
685
686
687
688
689
690
692
693
696
699
701
704
706
712
713
716
717
718
719
721
722
727
733
735
736
744
745
746
747
749
751
754
755
756
760
769
771
773
774
775
777
778
780
781
782
783
784
789
795
799
800
801
804
810
811
816
819
825
827
830
836
840
843
844
845
848
852
853
854
855
858
859
865
868
869
871
874
879
880
881
883
885
886
887
888
890
895
897
900
904
908
911
913
914
915
916
917
925
927
932
933
934
935
938
941
945
952
953
954
955
956
957
958
962
965
969
970
972
974
983
987
988
989
997
999
1000
1002
1003
1004
1007
1009
1010
1012
1017
1020
1021
1022
1023
1024
1025
1026
1027
1028
1035
1038
1044
1045
1046
1052
1053
1054
1056
1059
1067
1068
1069
1071
1074
1075
1079
1081
1082
1083
1087
1088
1091
1093
1094
1095
1096
1097
1099
1101
1105
1107
1108
1109
1114
1115
1120
1122
1126
1127
1131
1134
1136
1141
1142
1143
1144
1147
1149
1150
1161
1162
1163
1166
1168
1175
1176
1177
1181
1183
1185
1191
1196
1197
1199
1206
1207
1208
1209
1211
1214
1215
1216
1217
1219
1221
1223
1224
1225
1226
1231
1232
1237
1238
1239
1240
1245
1248
1249
1250
1251
1252
1254
1255
1262
1266
1268
1269
1272
1273
1275
1280
1285
1291
1294
1298
1299
1303
1304
1308
1309
1311
1313
1314
1315
1320
1321
1325
1326
1329
1336
1337
1339
1344
1348
1351
1357
1358
1361
1365
1366
1367
1368
1376
1378
1382
1387
1388
1389
1392
1393
1399
1400
1403
1412
1416
1420
1422
1423
1424
1428
1429
1430
1431
1432
1435
1436
1441
1443
1450
1451
1457
1462
1463
1467
1469
1470
1475
1476
1481
1482
1483
1491
1494
1500
1501
1503
1505
1506
1507
1509
1513
1515
1517
1519
1520
1530
1532
1534
1536
1538
1539
1541
1542
1547
1549
1550
1552
1553
1554
1566
1572
1574
