3
11
13
14
16
24
26
27
28
33
37
41
48
50
52
53
54
60
64
65
67
69
75
77
79
82
83
85
86
88
91
93
94
95
96
97
98
99
100
102
107
112
113
116
120
122
123
126
129
130
137
138
139
141
146
147
148
151
155
157
158
161
162
164
166
169
172
173
176
178
180
181
182
183
184
185
188
196
198
199
200
202
203
204
210
213
214
217
221
222
224
225
227
233
236
237
241
242
245
247
252
258
260
263
265
270
277
280
281
282
286
288
294
295
298
300
305
311
312
314
315
316
317
318
320
322
323
324
327
330
336
337
343
344
345
347
351
352
355
356
358
360
362
363
364
367
370
371
372
373
377
381
382
383
386
391
393
394
400
402
403
404
405
406
407
411
413
414
416
418
420
421
422
425
434
435
436
438
439
440
441
443
444
453
457
460
461
462
464
465
466
468
470
471
477
478
480
483
485
486
488
490
495
497
498
499
500
504
506
509
510
511
512
513
515
516
520
522
524
525
528
529
530
531
532
533
535
537
540
543
545
547
548
549
550
551
552
555
556
560
561
564
565
572
574
575
576
578
582
585
586
590
594
595
596
597
598
600
601
605
606
607
609
616
622
625
627
630
635
636
637
639
640
650
652
653
656
660
662
669
672
673
678
680
692
694
696
701
702
703
706
707
708
711
712
713
714
715
717
718
719
720
721
723
724
728
731
732
738
741
744
745
747
748
749
751
757
760
761
762
766
767
769
770
777
778
780
782
786
787
794
797
799
800
801
802
803
812
817
823
827
828
829
832
839
840
845
848
851
853
855
856
860
864
867
869
871
872
876
877
880
881
882
884
885
887
888
891
892
893
894
895
898
899
900
901
903
908
913
914
916
920
921
926
927
933
935
937
938
940
944
945
947
948
955
956
957
959
960
962
963
966
972
974
980
984
985
987
990
996
998
999
1000
1001
1013
1014
1016
1022
1026
1031
1037
1039
1040
1051
1054
1056
1058
1063
1064
1067
1069
1071
1072
1074
1076
1079
1080
1081
1085
1086
1088
1089
1091
1092
1093
1095
1098
1099
1101
1102
1104
1105
1106
1108
1118
1121
1130
1135
1137
1139
1140
1141
1142
1143
1144
1145
1146
1147
1148
1149
1152
1153
1157
1158
1160
1163
1164
1166
1170
1175
1176
1177
1180
1181
1182
1187
1191
1193
1197
1200
1203
1204
1206
1207
1209
1211
1214
1215
1217
1219
1221
1224
1226
1230
1232
1234
1238
1241
1242
1243
1250
1252
1255
1257
1258
1259
1261
1262
1263
1264
1266
1271
1276
1280
1281
1282
1284
1285
1291
1294
1295
1296
1297
1298
1301
1304
1307
1309
1310
1311
1312
1313
1318
1320
1321
1327
1332
1340
1341
1343
1344
1346
1348
1349
1352
1355
1357
1358
1361
1363
1364
1369
1371
1372
1373
1374
1375
1377
1379
1385
1389
1391
1393
1404
1407
1412
1418
1419
1422
1424
1425
1427
1428
1429
1433
1434
1435
1438
1440
1445
1449
1451
1452
1457
1462
1463
1466
1469
1470
1472
1474
1477
1480
1481
1482
1486
1488
1491
1492
1494
1497
1500
1501
1502
1503
1506
1510
1511
1513
1515
1518
1528
1530
1533
1537
1539
1543
1544
1545
1549
1552
1555
1558
1559
1561
1563
1564
1565
1570
1571
1574
1575
1578
1581
1585
1587
1588
1589
1596
1598
1601
1602
1606
1607
1608
1609
1610
1612
1618
1621
1626
1632
1633
1636
1637
1638
1639
1640
1641
1642
1649
1656
1665
1666
1668
1671
1673
1674
1675
1677
1680
1683
1684
1685
1689
1691
1694
1696
1697
1699
1705
1709
1713
1727
1731
1737
1745
1747
1748
1750
1752
1753
1755
1756
1757
1758
1760
1765
1767
1770
1775
1781
1784
1785
1786
1790
1791
1794
1795
1796
1797
1799
1807
1808
1809
1811
1814
1818
1819
1825
1826
1827
1828
1829
1830
1836
1841
1843
1844
1845
1848
1852
1853
1859
1861
1862
1864
1865
1868
1871
1873
1882
1883
1884
1892
1893
1894
1899
1900
1903
1904
1905
1909
1911
1912
1913
1915
1917
1918
1921
1923
1924
1929
1931
1936
1939
1940
1945
1946
1950
1953
1957
1958
1961
1962
1963
1966
1967
1971
1973
1977
1978
1979
1980
1984
1985
1988
1991
1993
1997
1998
1999
2001
2002
2003
2004
2005
2008
2017
2019
2020
2025
2026
2028
2030
2031
2032
2033
2034
2035
2036
2038
2041
2042
2044
2045
2047
2049
2050
2054
2055
2058
2059
2060
2063
2065
2066
2067
2069
2070
2080
2081
2082
2090
2092
2094
2096
2099
2102
2103
2119
2120
2123
2125
2131
2135
2136
2137
2138
2139
2140
2143
2148
2149
2150
2151
2153
2160
2161
2162
2164
2166
2167
2168
2171
2172
2173
2174
2175
2177
2180
2182
2183
2184
2185
2187
2192
2194
2197
2198
2199
2200
2202
2206
2207
2209
2211
2216
2221
2223
2227
2229
2234
2236
2238
2243
2244
2245
2249
2250
2255
2259
2264
2268
2270
2275
2276
2285
2288
2289
2290
2292
2300
2302
2304
2311
2312
2315
2318
2319
2322
2323
2324
2325
2331
2332
2333
2334
2339
2340
2342
2345
2347
2348
2349
2356
2359
2361
2362
2364
2366
2368
2372
2375
2376
2378
2379
2380
2381
2382
2386
2387
2388
2389
2394
2397
2403
2409
2411
2412
2417
2421
2424
2433
2436
2437
2438
2440
2441
2442
2443
2447
2449
2450
2451
2452
2453
2454
2456
2458
2459
2460
2461
2467
2474
2478
2479
2480
2482
2483
2486
2488
2491
2493
2497
2499
2500
2501
2506
2507
2508
2509
2510
2511
2515
2524
2525
2526
2527
2528
2533
2535
2536
2538
2545
2548
2550
2551
2555
2556
2557
2558
2565
2574
2577
2578
2582
2588
2589
2590
2591
2593
2600
2603
2604
2605
2606
2609
2610
2611
2612
2615
2616
2618
2619
2620
2626
2631
2635
2636
2638
2640
2647
2648
2650
2653
2654
2655
2658
2660
2663
2671
2672
2674
2675
2676
2678
2680
2683
2684
2685
2690
2691
2693
2698
2702
2705
2706
2708
2714
2715
2717
2719
2720
2721
2722
2725
2727
2728
2729
2735
2736
2737
2740
2741
2742
2747
2748
2755
2756
2759
2760
2761
2764
2766
2776
2785
