9
10
13
21
23
24
25
28
32
36
40
43
45
59
61
62
66
67
69
73
75
76
78
79
83
86
87
88
95
101
105
106
109
112
115
117
123
125
126
127
128
129
133
134
135
138
139
142
146
147
149
152
154
155
156
159
169
170
172
176
177
179
182
186
187
188
189
192
193
195
198
201
205
210
214
217
219
223
230
233
234
235
237
240
242
250
252
261
262
263
265
266
267
268
269
270
271
273
275
277
278
283
286
289
292
297
300
303
304
306
309
310
313
315
318
319
320
321
325
329
331
332
334
336
337
338
339
342
345
349
350
351
352
353
354
357
361
362
364
365
366
367
368
369
377
380
382
383
385
386
387
390
391
392
397
398
399
400
403
404
405
406
411
416
418
425
427
429
430
431
432
434
437
441
442
443
444
446
447
448
453
455
458
459
460
461
462
463
470
472
476
478
479
480
482
486
488
490
495
496
497
498
500
501
502
503
504
505
509
514
518
521
522
524
530
535
536
544
545
546
547
550
552
554
564
566
568
569
570
574
575
576
580
581
582
584
585
587
588
589
594
596
600
602
603
605
606
607
609
611
614
615
616
620
623
629
632
633
634
635
636
638
639
643
644
646
649
663
665
666
667
668
669
671
674
678
686
687
690
697
702
703
704
705
706
708
710
712
713
714
715
716
719
724
730
731
734
735
737
739
742
744
746
747
748
749
750
752
753
754
759
761
762
763
764
767
771
776
778
782
791
793
794
799
801
803
810
814
815
816
823
825
827
829
830
838
845
847
849
850
852
854
858
860
862
863
865
869
871
874
875
877
878
880
882
894
896
897
898
908
910
912
913
914
915
916
917
918
919
920
921
924
927
928
930
934
936
937
940
944
946
947
948
949
950
951
955
956
961
963
968
971
972
974
975
978
979
983
986
990
992
995
997
1003
1005
1006
1007
1020
1021
1023
1026
1028
1033
1036
1038
1040
1041
1042
1043
1049
1050
1051
1053
1055
1056
1057
1059
1060
1061
1062
1064
1065
1066
1067
1071
1072
1073
1075
1087
1090
1091
1094
1095
1100
1101
1102
1104
1108
1109
1110
1111
1112
1113
1117
1119
1122
1127
1130
1131
1135
1136
1137
1139
1141
1142
1147
1148
1151
1153
1155
1158
1162
1169
1172
1173
1177
1180
1184
1185
1186
1191
1194
1195
1197
1199
1205
1207
1212
1213
1214
1215
1218
1223
1227
1231
1234
1238
1241
1242
1243
1245
1246
1250
1251
1254
1256
1257
1258
1259
1260
1261
1262
1264
1270
1273
1277
1281
1284
1287
1290
1292
1293
1295
1296
1297
1299
1305
1310
1311
1314
1315
1318
1319
1321
1322
1326
1335
1343
1344
1346
1347
1348
1349
1354
1355
1358
1360
1362
1366
1367
1368
1374
1377
1388
1389
1392
1393
1394
1396
1402
1404
1408
1410
1412
1415
1416
1418
1419
1420
1421
1423
1425
1428
1430
1437
1439
1442
1443
1446
1447
1450
1451
1452
1454
1462
1463
1464
1466
1469
1470
1471
1474
1476
1477
1478
1479
1481
1482
1485
1486
1491
1493
1497
1499
1500
1502
1509
1516
1517
1518
1522
1525
1526
1530
1531
1535
1537
1539
1541
1542
1543
1545
1547
1550
1551
1552
1558
1561
1563
1567
1568
1570
1571
1572
1574
1577
1578
1581
1582
1583
1585
1586
1590
1593
1594
1595
1599
1602
1607
1609
1611
1612
1615
1616
1617
1618
1619
1621
1624
1627
1628
1629
1633
1634
1635
1636
1637
1638
1639
1643
1644
1646
1647
1649
1652
1653
1654
1662
1663
1664
1667
1668
1674
1675
1676
1682
1685
1687
1689
1690
1691
1699
1700
1706
1707
1711
1719
1720
1721
1722
1723
1725
1730
1731
1732
1736
1739
1740
1741
1745
1748
1751
1752
1754
1757
1759
1760
1761
1762
1763
1765
1769
1770
1771
1773
1774
1775
1776
1778
1779
1780
1781
1782
1784
1791
1796
1798
1800
1801
1804
1806
1807
1811
1812
1816
1824
1827
1835
1836
1838
1843
1845
1848
1849
1851
1859
1860
1862
1868
1869
1870
1872
1874
1875
1876
1877
1882
1884
1886
1892
1893
1896
1901
1902
1903
1904
1905
1912
1913
1914
1923
1924
1927
1930
1931
1932
1934
1935
1936
1941
1943
1944
1950
1955
1957
1958
1964
1967
1968
1978
1980
1982
1983
1984
1988
1991
1992
1993
1994
2001
2002
2005
2006
2014
2017
2018
2019
2021
2022
2025
2028
2034
2036
2037
2042
2043
2044
2045
2046
2051
2052
2058
2059
2060
2061
2062
2065
2067
2069
2074
2078
2079
2082
2084
2085
2087
2092
2094
2102
2103
2106
2107
2109
2110
2111
2112
2113
2119
2120
2121
2124
2125
2126
2128
2129
2141
2144
2145
2146
2153
2155
2159
2162
2171
2172
2175
2179
2189
2191
2192
2194
2196
2197
2198
2203
2205
2206
2207
2209
2210
2211
2214
2216
2220
2224
2225
2226
2228
2230
2231
2232
2236
2253
2254
2257
