0
5
11
15
18
20
22
29
30
32
33
34
37
43
45
46
48
54
56
61
63
64
65
67
70
71
72
83
88
89
92
95
99
100
103
105
107
111
112
113
116
117
119
120
123
126
128
134
140
141
142
143
144
145
146
149
160
161
163
168
169
172
173
174
175
180
182
183
186
190
191
194
195
196
197
199
203
205
206
207
209
210
211
214
219
223
224
230
232
235
236
243
244
245
250
251
252
254
255
263
267
268
274
275
277
280
281
282
286
291
294
299
300
301
302
310
314
315
318
319
321
327
329
334
336
340
342
343
346
347
348
349
350
351
356
357
359
360
361
362
363
364
365
366
368
369
370
372
374
375
379
387
390
391
394
398
401
402
403
408
409
411
412
413
415
416
417
418
420
421
422
424
425
432
433
434
441
442
446
448
449
450
451
453
454
458
462
467
471
472
473
475
476
477
483
486
487
491
493
495
496
499
508
509
514
515
516
517
518
521
522
530
532
536
538
540
543
544
545
547
551
555
558
560
563
564
565
567
570
571
573
574
575
577
581
588
590
592
594
596
603
605
606
607
610
614
615
617
618
620
625
626
627
628
629
631
633
637
641
642
644
649
650
651
652
653
654
655
656
657
658
660
664
669
676
678
679
680
687
690
691
695
700
701
703
704
705
706
708
709
710
711
712
713
718
719
725
727
729
732
736
737
738
740
744
745
747
755
756
757
758
763
764
767
768
769
773
777
778
782
785
786
788
789
795
800
805
810
811
812
817
818
820
821
822
823
824
828
829
830
834
837
840
843
850
851
856
858
859
861
862
863
865
866
868
874
875
878
879
882
884
885
889
891
894
895
903
905
906
907
909
911
912
917
923
924
925
926
930
933
934
947
954
959
960
962
969
973
974
976
980
983
985
988
990
993
995
999
1000
1002
1005
1007
1009
1014
1016
1019
1020
1022
1024
1025
1026
1028
1029
1032
1034
1039
1040
1041
1042
1044
1046
1047
1048
1049
1050
1051
1056
1065
1068
1069
1070
1071
1076
1077
1078
1079
1087
1089
1092
1093
1095
1096
1101
1102
1104
1105
1108
1112
1113
1117
1118
1122
1124
1127
1128
1132
1136
1137
1140
1145
1148
1150
1155
1157
1161
1164
1165
1166
1168
1182
1183
1184
1186
1187
1190
1191
1194
1195
1196
1197
1200
1201
1205
1209
1210
1213
1216
1218
1226
1227
1228
1230
1233
1235
1236
1237
1238
1239
1240
1241
1242
1243
1244
1245
1248
1249
1250
1254
1255
1258
1262
1263
1264
1266
1267
1269
1270
1273
1274
1277
1278
1280
1282
1284
1287
1289
1291
1292
1293
1302
1304
1306
1307
1310
1312
1317
1321
1323
1324
1325
1326
1327
1328
1329
1330
1331
1332
1333
1334
1335
1336
1337
1342
1345
1348
1350
1351
1353
1354
1356
1358
1365
1368
1369
1370
1372
1375
1377
1383
1384
1387
1389
1397
1403
1404
1407
1408
1409
1411
1412
1416
1419
1421
1422
1423
1424
1425
1427
1428
1431
1435
1436
1441
1443
1444
1445
1446
1448
1450
1453
1460
1461
1462
1465
1475
1478
1479
1480
1482
1483
1484
1485
1486
1487
1491
1492
1499
1502
1504
1505
1506
1507
1508
1509
1511
1512
1519
1522
1523
1525
1529
1534
1535
1536
1537
1539
1540
1546
1548
1549
1551
1552
1553
1557
1563
1566
1569
1570
1571
1573
1574
1575
1576
1579
1580
1588
1589
1590
1592
1594
1603
1604
1605
1607
1608
1609
1611
1613
1617
1619
1622
1627
1633
1641
1644
1646
1648
1650
1654
1656
1662
1663
1666
1668
1669
1670
1671
1674
1675
1677
1689
1696
1697
1699
1703
1705
1708
1710
1716
1717
1718
1719
1720
1722
1724
1727
1728
1735
1736
1737
1739
1741
1742
1754
1757
1758
1759
1760
1761
1766
1767
1771
1772
1775
1776
1779
1781
1782
1784
1786
1789
1793
1796
1797
1802
1803
1807
1808
1809
1811
1814
1821
1824
1825
1827
1829
1830
1831
1833
1835
1836
1838
1839
1840
1843
1844
1846
1850
1857
1858
1859
1860
1862
1865
1866
1871
1872
1874
1877
1881
1882
1883
1884
1885
1888
1894
1897
1901
1902
1905
1907
1908
1909
1914
1916
1918
1920
1927
1928
1935
1936
1939
1940
1942
1946
1947
1948
1952
1954
1955
1956
1957
1958
1961
1963
1965
1966
1967
1973
1975
1977
1978
1980
1981
1983
1987
1992
2000
2001
2002
2004
2008
2010
2018
2023
2027
2030
2032
2033
2034
2035
2038
2041
2042
2044
2045
2047
2051
2052
2053
2054
2055
2056
2063
2064
2065
2066
2069
2077
2080
2085
2086
2087
2088
2089
2093
2094
2097
2098
2100
2101
2102
2104
2109
2110
2113
2116
2118
2120
2121
2122
2130
2132
2136
2139
2140
2141
2143
2149
2151
2152
2153
2154
2155
2156
2160
2165
2169
2172
2173
2174
2175
2176
2178
2179
2181
2183
2190
2192
2193
2194
2195
2196
2197
2198
2203
2205
2206
2207
2211
2214
2215
2216
2219
2221
2222
2224
2227
2228
2231
2232
2233
2235
2239
2240
2241
2242
2244
2246
2248
2252
2256
2259
2260
2264
2267
2268
2270
2271
2272
2277
2282
2283
2288
2289
2291
2292
2293
2297
2303
2304
2306
2307
2311
2314
2324
2325
2326
2327
2328
2331
2332
2335
2340
2344
2346
2349
2353
2354
2359
2360
2369
2371
2372
2373
2375
2377
2379
2380
2381
2382
2384
2385
2387
2388
2390
2392
2393
2400
2401
2407
2409
2410
2411
2414
2416
2420
2421
2424
2425
2429
2432
2433
2439
2445
2446
2447
2449
2451
2452
2453
2454
2456
2457
2460
2466
2470
2474
2475
2480
2484
2485
2488
2489
2491
2492
2493
2495
2498
2502
2504
2507
2508
2509
2510
2511
2515
2516
2519
2520
2524
2525
2526
2527
2530
2531
2538
2540
2543
2546
2547
2548
2552
2554
2556
2560
2564
2565
2567
2571
2572
2577
2580
2581
2582
2583
2584
2585
2587
2590
2593
2594
2595
2599
2605
2609
2614
2615
2626
2629
2631
2635
2637
2638
2642
2644
2645
2649
2654
2655
2660
2661
2662
2663
2666
2668
2675
2676
2684
2688
2692
2693
2700
2703
2707
2723
2724
2727
2728
2730
2731
2734
2736
2737
2739
2743
2744
2751
2754
2757
2760
2763
2770
2774
2775
2776
2777
2781
2783
2784
2786
2787
2790
2793
2796
2799
2801
2806
2807
2810
2813
2814
2821
2823
2824
2829
2831
2832
2833
2834
2837
2839
2840
2849
2853
2858
2862
2868
2871
2872
2873
2875
2879
2880
2881
2884
2886
2887
2890
2892
2893
2894
2895
2897
2898
2899
2900
2901
2902
2903
2904
2923
2926
2927
2929
2931
2932
2936
2937
2939
2944
2947
2950
2953
2956
2958
2959
2961
2963
2964
2967
2968
2970
2971
2973
2974
2976
2981
2982
2983
2986
2989
2992
2993
2994
2995
3000
3001
3002
3006
3007
3011
3016
3017
3021
3023
3026
3031
3033
3035
3042
3043
3056
3057
3058
3062
3064
3068
3069
3070
3079
3082
3085
3090
3091
3093
3095
3097
3099
3103
3104
3112
3114
3117
3119
3123
3128
3130
3137
3141
3142
3143
3144
3146
3148
3152
3157
3158
3165
3169
3172
3175
3178
3179
3180
3181
3185
3187
3188
3189
3191
3194
3197
3198
3199
3201
3203
3205
3207
3208
3212
3219
3223
3226
3228
3229
3230
3231
3234
3235
3236
3238
3239
3241
3242
3244
3250
3253
3254
3256
3260
3261
3267
3274
3275
3276
3279
3281
3292
3294
3295
3300
3301
3306
