0
5
12
14
16
20
29
31
33
34
39
42
47
50
52
54
55
56
57
58
63
69
77
78
79
81
84
86
88
92
93
95
96
99
100
102
103
104
105
106
107
108
110
113
114
118
123
127
134
136
137
140
143
144
149
153
155
158
162
163
164
165
166
167
172
174
175
178
179
183
186
190
195
197
198
199
201
202
205
208
213
216
217
218
220
221
228
231
232
235
236
237
239
240
241
242
243
246
248
250
251
253
260
263
264
265
266
271
278
280
283
285
286
291
299
303
305
306
308
311
313
320
321
323
326
331
336
337
338
340
341
342
343
344
346
348
349
354
355
358
365
368
372
373
374
375
376
382
383
387
388
392
395
396
399
402
403
404
405
407
410
415
416
417
420
423
427
428
434
435
437
438
439
440
441
442
444
445
447
450
454
457
458
462
472
473
474
476
477
478
479
480
481
487
489
493
497
500
501
503
505
506
507
511
512
518
519
520
521
524
526
527
531
536
538
539
540
541
549
552
553
554
555
556
558
559
562
565
567
568
571
572
574
576
580
583
586
588
590
591
592
593
594
595
596
598
599
600
608
609
616
619
620
623
626
630
636
640
641
642
643
644
647
649
652
653
654
657
658
663
674
675
678
681
686
687
688
689
690
693
695
703
704
710
716
720
722
723
727
732
749
753
755
759
760
762
763
764
765
768
769
770
771
772
774
775
776
777
778
780
783
785
787
790
791
792
797
799
800
803
804
806
807
808
810
816
819
820
826
830
831
839
841
842
843
844
845
847
848
852
858
861
864
865
866
867
869
877
878
880
888
890
894
895
896
897
899
906
910
911
916
918
919
929
930
935
942
951
952
953
955
956
957
960
963
965
968
969
970
971
975
976
977
978
979
980
984
989
991
992
994
998
1003
1004
1010
1012
1014
1015
1017
1019
1021
1022
1024
1025
1033
1034
1035
1037
1038
1041
1044
1045
1050
1052
1058
1063
1065
1067
1069
1070
1071
1080
1081
1082
1083
1086
1093
1095
1096
1097
1100
1102
1105
1109
1110
1118
1121
1122
1123
1125
1136
1142
1150
1151
1153
1154
1156
1159
1161
1163
1164
1165
1169
1170
1171
1177
1179
1183
1184
1185
1186
1187
1191
1192
1195
1198
1199
1201
1202
1204
1205
1211
1212
1215
1216
1224
1229
1231
1233
1234
1235
1236
1237
1238
1240
1241
1242
1243
1244
1247
1249
1255
1257
1263
1265
1268
1273
1274
1275
1277
1278
1279
1280
1285
1290
1292
1296
1302
1303
1304
1306
1308
1310
1311
1312
1314
1315
1317
1319
1321
1324
1326
1330
1334
1335
1340
1341
1342
1343
1344
1352
1353
1355
1358
1360
1361
1362
1363
1364
1365
1367
1368
1369
1371
1375
1377
1381
1383
1384
1385
1387
1388
1389
1391
1392
1397
1398
1401
1404
1405
1408
1409
1411
1414
1416
1417
1418
1419
1420
1425
1429
1431
1436
1441
1445
1449
1452
1453
1455
1457
1458
1461
1463
1464
1467
1468
1470
1472
1478
1480
1481
1482
1483
1484
1488
1494
1496
1498
1499
1500
1502
1505
1506
1512
1515
1516
1517
1520
1521
1523
1526
1527
1528
1532
1534
1535
1537
1538
1539
1543
1544
1546
1549
1556
1560
1562
1563
1568
1577
1579
1580
1581
1585
1586
1590
1591
1593
1594
1595
1597
1599
1601
1605
1608
1614
1615
1616
1617
1618
1619
1624
1627
1629
1633
1634
1638
1641
1645
1647
1649
1651
1655
1656
1657
1658
1662
1663
1666
1667
1669
1670
1673
1674
1677
1678
1679
1680
1682
1683
1684
1686
1687
1690
1691
1694
1695
1698
1700
1702
1706
1708
1709
1710
1719
1721
1722
1724
1725
1727
1729
1730
1731
1732
1733
1735
1741
1744
1748
1749
1751
1754
1755
1760
1762
1763
1764
1765
1773
1774
1780
1787
1789
1790
1791
1794
1797
1800
1803
1806
1810
1811
1813
1814
1820
1822
1823
1824
1832
1835
1836
1840
1841
1845
1853
1854
1857
1858
1861
1867
1869
1871
1876
1877
1878
1879
1881
1883
1884
1885
1886
1887
1888
1889
1890
1892
1896
1897
1899
1900
1901
1903
1904
1908
1914
1917
1918
1919
1923
1925
1928
1929
1930
1931
1933
1935
1943
1946
1948
1951
1952
1953
1954
1955
1962
1963
1965
1967
1969
1971
1974
1978
1980
1981
1982
1985
1987
1989
1990
1994
1997
1998
1999
2000
2001
2003
2004
2007
2015
2021
2022
2023
2024
2025
2032
2034
2035
2037
2040
2041
2045
2046
2047
2051
2053
2054
2055
2057
2058
2060
2061
2064
2066
2067
2068
2069
2073
2075
2076
2080
2082
2084
2090
2091
2094
2095
2098
2099
2104
2105
2107
2110
2113
2114
2115
2121
2125
2126
2127
2128
2129
2132
2133
2136
2138
2146
2148
2152
2153
2154
2155
2156
2159
2165
2169
2170
2172
2173
2175
2178
2179
2181
2183
2184
2185
2186
2187
2188
2189
2191
2195
2197
2199
2206
2207
2211
2216
2217
2220
2222
2223
2224
2226
2227
2234
2238
2239
2240
2241
2247
2249
2251
2253
2258
2261
2270
2279
2280
2286
2288
2292
2294
2297
2299
2300
2301
2302
2306
2309
2312
2313
2314
2315
2316
2319
2320
2323
2325
2327
2331
2332
2333
2338
2339
2340
2342
2343
2346
2347
2348
2350
2354
2359
2360
2361
2364
2365
2366
2367
2369
2374
2375
2376
2377
2378
2380
2385
2398
2400
2405
2408
2410
2412
2417
2418
2420
2421
2422
2423
2425
2428
2435
2438
2444
2447
2452
2453
2457
2463
2467
2468
2470
2477
2478
2481
2483
2487
2490
2491
2492
2494
2497
2498
2499
2500
2502
2503
2504
2507
2510
2511
2512
2513
2515
2520
2522
2523
2528
2529
2530
2537
2540
2541
2542
2544
2548
2554
2555
2556
2557
2560
2561
2563
2566
2567
2573
2574
2575
2579
2582
2585
2586
2589
2593
2596
2597
2600
2602
2603
2608
2609
2612
2616
2626
2630
2631
2632
2637
2638
2642
2644
2647
2648
2649
2650
2651
2652
2654
2655
2656
2657
2658
2659
2661
2665
2667
2668
2676
2680
2681
2682
2684
2685
2688
2690
2693
2695
2702
2704
2705
2706
2712
2713
2714
2717
2718
2720
2723
2725
2733
2734
2736
2741
2743
2744
2746
2754
2759
2760
2765
2766
2767
2769
2770
2775
2777
2787
2788
2792
2794
2798
2799
2800
2801
2811
2812
2815
2816
2817
2818
2822
2825
2827
2829
2830
2831
2833
2834
2836
2843
2847
2851
2852
2863
2864
2865
2867
2868
2872
2875
2876
2877
2880
2888
2893
2894
2896
2898
2901
2902
2910
2912
2914
2919
2920
2921
2923
2926
2927
2935
2936
2940
2942
2946
2948
2949
2951
2956
2959
2961
2964
2966
2967
2971
2972
2975
2976
2977
2981
2982
2984
2985
2987
2991
2998
3001
3007
3010
3014
