4
8
11
16
23
25
26
27
30
31
32
38
40
41
52
56
58
63
64
66
69
72
73
76
77
78
80
83
84
85
86
87
90
91
97
99
101
102
105
108
112
115
117
121
122
123
124
129
131
132
135
144
146
149
150
151
152
153
154
155
161
165
168
169
173
174
176
179
182
183
184
185
188
190
192
200
201
203
204
206
209
214
217
218
219
228
229
231
232
234
236
237
239
244
247
248
251
252
254
260
261
263
264
265
266
267
268
269
270
272
276
277
284
287
290
292
295
298
299
301
302
305
307
308
309
311
313
314
315
319
324
325
326
328
334
336
340
342
343
344
347
348
349
350
352
353
356
359
360
362
369
370
372
374
375
380
386
390
392
393
394
395
397
399
403
405
408
409
410
411
414
417
420
422
427
432
435
437
438
439
440
442
443
445
446
447
448
449
450
451
453
455
457
460
461
464
465
466
468
469
470
471
472
473
474
477
478
484
486
490
492
493
494
496
499
501
507
508
510
511
513
514
515
516
517
520
527
532
535
536
537
550
551
552
563
564
566
568
571
573
575
582
584
586
587
589
590
593
594
597
598
599
600
601
604
605
606
609
610
612
616
617
620
622
623
625
626
628
632
636
637
638
640
644
651
652
653
654
655
656
657
662
668
669
674
683
687
688
689
690
691
698
703
711
713
715
721
725
732
733
735
736
738
740
744
745
746
747
750
751
752
753
765
766
768
769
771
773
779
781
784
786
787
788
790
791
792
793
796
800
803
806
807
809
811
816
821
825
828
829
837
839
840
841
846
850
852
855
856
860
861
867
869
871
881
883
887
888
890
891
892
894
896
899
901
904
906
907
908
909
910
911
913
917
918
922
923
925
928
929
933
935
936
942
946
948
949
950
951
952
953
954
956
957
958
959
960
963
964
969
970
972
973
978
981
984
988
990
991
992
993
994
995
996
997
1005
1009
1013
1015
1016
1017
1018
1019
1023
1028
1029
1032
1036
1038
1041
1043
1048
1051
1053
1063
1066
1067
1068
1069
1071
1072
1074
1079
1082
1084
1087
1088
1089
1090
1098
1102
1104
1105
1106
1108
1110
1111
1112
1114
1117
1121
1124
1132
1140
1141
1142
1143
1144
1147
1149
1151
1153
1154
1155
1157
1158
1160
1161
1162
1163
1165
1167
1171
1173
1177
1179
1180
1185
1186
1188
1191
1197
1198
1203
1206
1210
1211
1214
1219
1222
1226
1228
1229
1234
1246
1249
1254
1258
1259
1260
1261
1263
1268
1269
1275
1276
1277
1278
1284
1288
1289
1292
1296
1298
1299
1303
1305
1309
1314
1316
1317
1323
1324
1326
1328
1329
1331
1332
1334
1343
1344
1346
1348
1353
1354
1356
1360
1362
1367
1368
1369
1371
1373
1374
1375
1377
1380
1384
1388
1390
1391
1395
1396
1399
1404
1410
1414
1415
1416
1417
1418
1419
1420
1421
1423
1424
1426
1427
1431
1433
1434
1435
1439
1440
1441
1442
1443
1445
1449
1456
1457
1458
1464
1465
1468
1469
1471
1476
1479
1482
1483
1484
1485
1487
1490
1491
1492
1493
1494
1495
1499
1500
1502
1504
1513
1517
1518
1519
1520
1522
1525
1526
1527
1528
1529
1536
1537
1538
1540
1542
1543
1544
1545
1553
1558
1560
1561
1562
1564
1567
1568
1569
1576
1578
1589
1590
1591
1596
1598
1600
1605
1606
1607
1609
1610
1611
1613
1615
1618
1620
1623
1624
1625
1627
1631
1632
1633
1637
1643
1646
1647
1650
1655
1656
1660
1661
1663
1664
1668
1670
1671
1672
1673
1676
1678
1680
1686
1687
1689
1690
1691
1694
1696
1698
1702
1703
1705
1706
1716
1717
1718
1719
1720
1722
1726
1730
1731
1733
1738
1742
1743
1744
1747
1748
1751
1752
1754
1757
1759
1760
1764
1768
1771
1772
1774
1775
1780
1783
1784
1789
1793
1794
1798
1806
1808
1809
1810
1811
1814
1818
1820
1822
1823
1824
1825
1827
1833
1837
1839
1840
1841
1844
1846
1847
1852
1855
1856
1858
1862
1866
1869
1870
1872
1873
1875
1876
1879
1880
1881
1883
1889
1897
1899
1901
1903
1906
1908
1909
1910
1914
1915
1916
1918
1919
1921
1929
1932
1933
1934
1939
1945
1946
1953
1955
1956
1957
1962
1966
1967
1968
1969
1972
1978
1979
1980
1982
1983
1985
1986
1989
1991
1992
1993
1998
2000
2002
2007
2009
2017
2018
2026
2027
2032
2035
2036
2040
2042
2048
2049
2054
2060
2062
2063
2069
2070
2073
2077
2084
2085
2087
2088
2090
2091
2093
2096
2100
2101
2102
2103
2104
2107
2109
2110
2111
2113
2114
2125
2128
2130
2131
2132
2133
2135
2136
2137
2138
2139
2145
2147
2149
2150
2153
2155
2157
2158
2159
2160
2163
2165
2166
2167
2175
2176
2177
2178
2179
2182
2184
2185
2187
2190
2194
2195
2197
2199
2200
2207
2208
2209
2214
2226
2227
2231
2232
2236
2249
2250
2251
2252
2253
2257
2259
2269
2274
2284
2285
2287
2289
2290
2292
2293
2294
2296
2297
2303
2306
2307
2308
2310
2311
2315
2316
2318
2326
2327
2328
2329
2330
2332
2333
2334
2339
2342
2343
2344
2345
2346
2347
2351
2353
2356
2361
2362
2368
2372
2385
2387
2392
2395
2397
