916 545
545 1007
545 1012
545 1018
545 1
545 52
545 63
545 124
545 184
545 189
545 190
545 208
545 215
545 291
545 317
545 383
545 387
545 388
545 389
545 464
545 498
545 510
545 529
545 577
545 841
545 588
545 855
545 602
545 605
545 739
545 743
545 873
545 751
545 766
545 895
545 774
917 38
917 146
917 187
917 188
917 269
917 461
917 642
917 692
38 946
38 949
38 957
38 1014
38 6
38 15
38 33
38 64
38 193
38 269
38 574
38 61
38 575
38 346
38 767
38 301
38 482
38 384
38 314
38 615
38 743
38 516
38 626
38 627
38 501
38 52
38 763
38 764
38 893
38 643
38 880
38 647
38 143
38 146
38 522
38 915
38 803
38 427
38 556
38 51
38 433
38 53
38 309
38 692
38 187
38 188
38 148
146 949
146 950
146 957
146 975
146 15
146 33
146 50
146 52
146 53
146 61
146 193
146 580
146 574
146 718
146 719
146 575
146 346
146 614
146 743
146 495
146 242
146 625
146 880
146 501
146 433
146 763
146 764
146 893
146 305
146 516
146 773
146 187
146 269
146 271
146 148
146 665
146 412
146 416
146 803
146 188
146 427
146 556
146 717
146 294
146 309
146 692
146 189
187 926
187 930
187 939
187 949
187 975
187 983
187 987
187 988
187 999
187 15
187 33
187 52
187 57
187 59
187 61
187 119
187 133
187 139
187 148
187 163
187 763
187 706
187 580
187 803
187 202
187 461
187 717
187 339
187 475
187 314
187 386
187 483
187 485
187 642
187 362
187 813
187 369
187 878
187 625
187 880
187 623
187 502
187 665
187 433
187 254
187 764
187 767
187 896
187 773
187 650
187 269
187 309
187 911
187 785
187 188
187 416
187 410
187 227
187 667
187 440
187 298
187 426
187 501
187 556
187 811
187 304
187 305
187 308
187 436
187 794
187 783
188 926
188 930
188 939
188 940
188 942
188 949
188 950
188 957
188 967
188 975
188 983
188 985
188 999
188 1001
188 1011
188 1019
188 8
188 15
188 33
188 36
188 47
188 52
188 57
188 59
188 61
188 98
188 119
188 132
188 133
188 139
188 148
188 163
188 178
188 580
188 623
188 626
188 642
188 644
188 650
188 653
188 502
188 665
188 667
188 692
188 193
188 763
188 707
188 202
188 713
188 716
188 717
188 718
188 719
188 227
188 743
188 433
188 254
188 764
188 767
188 773
188 269
188 780
188 783
188 785
188 790
188 794
188 290
188 803
188 298
188 301
188 811
188 304
188 305
188 308
188 309
188 570
188 314
188 838
188 849
188 855
188 861
188 358
188 362
188 369
188 878
188 887
188 889
188 890
188 384
188 894
188 896
188 391
188 396
188 911
188 411
188 412
188 416
188 426
188 427
188 436
188 440
188 451
188 461
188 475
188 476
188 483
188 485
188 494
188 813
188 498
188 561
188 271
188 538
188 556
269 926
269 949
269 950
269 957
269 975
269 988
269 993
269 1017
269 8
269 61
269 119
269 132
269 148
269 163
269 178
269 189
269 200
269 254
269 763
269 452
269 742
269 461
269 336
269 718
269 767
269 483
269 485
269 642
269 361
269 783
269 878
269 880
269 433
269 384
269 314
269 396
269 653
269 788
269 665
269 794
269 803
269 426
269 427
269 556
269 412
269 305
461 926
461 930
461 939
461 1019
461 12
461 15
461 19
461 25
461 33
461 57
461 105
461 148
461 163
461 164
461 178
461 202
461 242
461 250
461 264
461 292
461 293
461 310
461 335
461 361
461 386
461 412
461 428
461 742
461 591
461 480
461 610
461 743
461 813
461 794
461 642
461 525
461 909
461 785
461 664
461 665
461 907
461 811
461 783
642 928
642 1
642 26
642 33
642 59
642 61
642 79
642 119
642 120
642 129
642 193
642 202
642 224
642 231
642 252
642 258
642 259
642 275
642 282
642 285
642 286
642 302
642 308
642 309
642 329
642 358
642 385
642 411
642 412
642 428
642 514
642 515
642 526
642 527
642 529
642 567
642 568
642 570
642 583
642 619
642 625
642 633
642 698
642 763
642 707
642 803
642 716
642 721
642 722
642 767
642 743
642 813
642 750
642 855
642 644
642 765
642 643
642 773
642 649
642 868
642 797
642 679
642 785
642 908
642 692
642 783
692 930
692 937
692 946
692 949
692 950
692 988
692 1013
692 15
692 45
692 47
692 63
692 72
692 81
692 86
692 98
692 107
692 119
692 125
692 128
692 137
692 170
692 193
692 194
692 202
692 216
692 218
692 240
692 256
692 267
692 273
692 280
692 287
692 289
692 295
692 297
692 309
692 346
692 358
692 375
692 385
692 400
692 411
692 433
692 495
692 498
692 509
692 518
692 536
692 554
692 567
692 568
692 570
692 580
692 581
692 588
692 614
692 621
692 625
692 632
692 644
692 838
692 743
692 717
692 718
692 719
692 828
692 767
692 782
692 740
692 893
692 705
692 774
692 864
692 794
692 742
692 813
692 803
918 75
918 286
918 302
918 446
918 482
918 484
918 514
918 615
918 616
918 617
918 721
918 756
918 767
918 905
918 1008
75 1008
75 18
75 37
75 286
75 90
75 270
75 721
75 808
75 905
75 814
75 120
75 567
75 568
75 282
75 100
286 935
286 937
286 938
286 948
286 959
286 1008
286 2
286 6
286 18
286 21
286 33
286 36
286 39
286 45
286 52
286 59
286 64
286 69
286 81
286 86
286 91
286 98
286 99
286 100
286 111
286 119
286 120
286 121
286 136
286 190
286 203
286 212
286 214
286 231
286 233
286 241
286 252
286 253
286 256
286 258
286 259
286 263
286 271
286 273
286 282
286 576
286 612
286 615
286 616
286 617
286 698
286 498
286 643
286 583
286 647
286 665
286 691
286 696
286 706
286 709
286 721
286 514
286 738
286 743
286 758
286 762
286 764
286 783
286 801
286 295
286 297
286 808
286 302
286 814
286 308
286 309
286 313
286 317
286 318
286 828
286 328
286 843
286 846
286 849
286 855
286 354
286 867
286 364
286 366
286 875
286 368
286 892
286 893
286 392
286 905
286 907
286 428
286 440
286 446
286 482
286 489
286 644
286 516
286 543
286 566
302 935
302 18
302 45
302 81
302 99
302 100
302 158
302 203
302 231
302 240
302 246
302 252
302 273
302 282
302 664
302 351
302 733
302 498
302 764
302 514
302 797
302 426
302 428
446 926
446 928
446 930
446 985
446 999
446 1001
446 19
446 31
446 43
446 57
446 64
446 90
446 92
446 112
446 119
446 130
446 139
446 169
446 180
446 212
446 229
446 231
446 237
446 240
446 252
446 254
446 273
446 282
446 294
446 309
446 314
446 366
446 407
446 414
446 419
446 433
446 440
446 549
446 575
446 763
446 706
446 583
446 839
446 716
446 717
446 591
446 719
446 601
446 602
446 733
446 727
446 742
446 878
446 886
446 633
446 766
446 767
446 641
446 896
446 516
446 774
446 772
446 773
446 482
446 526
446 652
446 912
446 790
446 665
446 525
446 718
446 802
446 554
446 557
446 527
446 909
482 926
482 935
482 941
482 950
482 959
482 981
482 983
482 989
482 1007
482 1010
482 1011
482 1013
482 1019
482 15
482 29
482 36
482 45
482 52
482 62
482 86
482 91
482 92
482 95
482 98
482 100
482 111
482 112
482 123
482 126
482 128
482 163
482 164
482 170
482 179
482 180
482 189
482 214
482 217
482 218
482 227
482 231
482 243
482 256
482 270
482 273
482 282
482 314
482 315
482 320
482 325
482 339
482 341
482 342
482 358
482 364
482 392
482 411
482 416
482 440
482 575
482 580
482 609
482 610
482 615
482 617
482 621
482 625
482 632
482 633
482 644
482 649
482 652
482 655
482 656
482 660
482 700
482 706
482 709
482 717
482 718
482 719
482 721
482 723
482 733
482 743
482 758
482 771
482 774
482 775
482 777
482 785
482 801
482 813
482 834
482 838
482 868
482 884
482 886
482 905
482 909
482 484
482 492
482 499
482 512
482 516
482 527
482 532
482 543
482 552
482 570
484 935
484 950
484 989
484 36
484 92
484 98
484 100
484 163
484 170
484 189
484 227
484 282
484 320
484 336
484 339
484 342
484 392
484 575
484 706
484 834
484 723
484 743
484 492
484 621
484 813
484 771
484 886
484 633
484 512
484 516
484 774
484 649
484 733
484 656
484 580
484 609
484 660
484 527
514 935
514 994
514 1008
514 91
514 92
514 100
514 112
514 120
514 134
514 212
514 231
514 252
514 271
514 277
514 282
514 317
514 328
514 339
514 364
514 392
514 428
514 583
514 541
514 591
514 721
514 850
514 855
514 619
514 764
514 896
514 643
514 644
514 905
514 783
514 801
514 813
514 814
514 567
514 568
514 529
615 927
615 928
615 930
615 935
615 959
615 969
615 981
615 1016
615 12
615 32
615 43
615 63
615 86
615 90
615 92
615 95
615 100
615 107
615 123
615 130
615 139
615 143
615 212
615 215
615 218
615 233
615 240
615 270
615 271
615 272
615 273
615 275
615 277
615 282
615 303
615 320
615 339
615 352
615 358
615 392
615 427
615 438
615 477
615 483
615 492
615 498
615 543
615 556
615 571
615 575
615 588
615 609
615 610
615 706
615 739
615 617
615 728
615 864
615 616
615 911
615 664
615 876
615 779
615 633
615 656
615 665
615 798
615 816
615 659
616 935
616 959
616 969
616 981
616 1002
616 1005
616 12
616 34
616 35
616 86
616 90
616 92
616 95
616 107
616 126
616 142
616 212
616 233
616 270
616 273
616 309
616 320
616 339
616 346
616 421
616 427
616 442
616 483
616 498
616 501
616 556
616 571
616 609
616 610
616 706
616 728
616 664
616 704
616 739
616 617
616 876
616 877
616 878
616 633
616 635
616 769
616 656
616 779
616 812
616 620
616 676
617 927
617 935
617 948
617 959
617 981
617 1002
617 1016
617 7
617 12
617 14
617 34
617 70
617 86
617 90
617 92
617 95
617 107
617 111
617 123
617 126
617 142
617 143
617 185
617 212
617 233
617 258
617 270
617 272
617 273
617 289
617 297
617 303
617 311
617 320
617 325
617 339
617 351
617 352
617 354
617 390
617 421
617 422
617 427
617 477
617 483
617 492
617 498
617 556
617 571
617 581
617 588
617 609
617 610
617 620
617 632
617 634
617 656
617 664
617 665
617 676
617 704
617 706
617 714
617 721
617 728
617 739
617 745
617 763
617 766
617 774
617 790
617 779
617 812
617 827
617 864
617 876
617 877
617 878
617 884
617 885
617 895
617 909
721 965
721 1008
721 1015
721 1019
721 18
721 31
721 36
721 39
721 50
721 88
721 92
721 100
721 120
721 125
721 150
721 189
721 202
721 203
721 212
721 214
721 227
721 252
721 275
721 282
721 294
721 297
721 308
721 315
721 317
721 339
721 364
721 383
721 387
721 392
721 428
721 465
721 500
721 501
721 515
721 529
721 541
721 558
721 570
721 583
721 594
721 625
721 649
721 655
721 833
721 841
721 813
721 725
721 733
721 723
721 743
721 875
721 876
721 900
721 905
721 814
721 764
756 1019
756 297
756 363
756 389
767 928
767 930
767 940
767 946
767 965
767 981
767 982
767 997
767 1011
767 1014
767 1019
767 6
767 33
767 47
767 59
767 63
767 64
767 81
767 91
767 98
767 111
767 119
767 125
767 143
767 163
767 169
767 193
767 252
767 254
767 272
767 280
767 287
767 297
767 304
767 309
767 314
767 336
767 341
767 346
767 349
767 352
767 356
767 358
767 391
767 416
767 426
767 434
767 445
767 460
767 516
767 526
767 541
767 543
767 550
767 557
767 568
767 591
767 604
767 621
767 625
767 644
767 650
767 664
767 665
767 711
767 718
767 719
767 722
767 743
767 763
767 764
767 783
767 794
767 801
767 803
767 813
767 815
767 849
767 911
767 860
905 967
905 1008
905 0
905 10
905 16
905 53
905 100
905 101
905 111
905 120
905 203
905 212
905 252
905 256
905 282
905 292
905 297
905 308
905 363
905 364
905 381
905 399
905 428
905 499
905 515
905 544
905 551
905 558
905 583
905 605
905 628
905 639
905 649
905 700
905 728
905 797
905 803
905 814
905 843
905 846
905 849
905 869
905 893
905 894
905 903
905 908
1008 63
1008 100
1008 111
1008 119
1008 120
1008 135
1008 203
1008 212
1008 252
1008 258
1008 265
1008 282
1008 289
1008 296
1008 308
1008 314
1008 318
1008 339
1008 351
1008 352
1008 358
1008 364
1008 375
1008 417
1008 428
1008 465
1008 528
1008 529
1008 530
1008 568
1008 570
1008 583
1008 639
1008 643
1008 652
1008 661
1008 730
1008 774
1008 797
1008 814
1008 838
1008 867
1008 885
1008 911
919 44
919 98
919 238
919 419
919 472
919 665
919 711
919 774
919 790
919 882
919 1001
919 1011
44 959
44 774
44 740
44 364
44 270
44 739
44 552
98 933
98 939
98 940
98 951
98 955
98 965
98 981
98 1011
98 1019
98 8
98 12
98 22
98 25
98 29
98 33
98 35
98 45
98 52
98 57
98 61
98 86
98 95
98 602
98 606
98 109
98 621
98 119
98 628
98 123
98 143
98 145
98 665
98 163
98 183
98 185
98 699
98 192
98 704
98 706
98 709
98 202
98 213
98 722
98 221
98 230
98 515
98 743
98 237
98 238
98 252
98 765
98 773
98 774
98 778
98 273
98 783
98 794
98 287
98 291
98 803
98 295
98 807
98 272
98 264
98 309
98 823
98 274
98 320
98 191
98 845
98 861
98 364
98 198
98 877
98 878
98 887
98 893
98 395
98 911
98 412
98 419
98 421
98 434
98 436
98 459
98 464
98 469
98 470
98 492
98 493
98 304
98 505
98 512
98 526
98 533
98 536
98 542
98 557
98 562
238 930
238 946
238 966
238 61
238 86
238 91
238 96
238 125
238 198
238 451
238 581
238 583
238 840
238 480
238 481
238 876
238 877
238 510
238 396
238 525
238 909
238 663
238 282
238 665
238 799
238 554
238 427
238 686
238 314
238 571
419 19
419 84
419 86
419 106
419 126
419 155
419 231
419 240
419 412
419 699
419 614
419 454
419 589
419 870
419 498
419 633
419 508
419 766
419 768
419 896
419 516
419 775
419 788
419 665
419 813
419 739
419 438
472 774
472 498
665 922
665 930
665 932
665 934
665 937
665 939
665 940
665 943
665 949
665 950
665 955
665 961
665 965
665 977
665 980
665 981
665 982
665 983
665 999
665 1001
665 1011
665 8
665 11
665 35
665 40
665 43
665 47
665 57
665 61
665 62
665 65
665 70
665 72
665 73
665 77
665 81
665 86
665 95
665 109
665 111
665 119
665 143
665 145
665 163
665 175
665 179
665 180
665 185
665 189
665 192
665 193
665 202
665 212
665 214
665 218
665 222
665 227
665 229
665 237
665 252
665 254
665 256
665 258
665 261
665 268
665 272
665 273
665 276
665 277
665 280
665 282
665 287
665 291
665 294
665 297
665 304
665 309
665 314
665 320
665 321
665 325
665 334
665 338
665 342
665 346
665 351
665 358
665 369
665 385
665 391
665 395
665 407
665 412
665 417
665 422
665 427
665 434
665 438
665 451
665 459
665 460
665 464
665 467
665 470
665 476
665 477
665 483
665 485
665 491
665 494
665 516
665 521
665 533
665 536
665 538
665 541
665 542
665 554
665 561
665 567
665 568
665 570
665 571
665 580
665 588
665 601
665 602
665 604
665 613
665 618
665 621
665 623
665 625
665 632
665 633
665 641
665 648
665 650
665 654
665 655
665 664
665 828
665 765
665 667
665 674
665 676
665 679
665 704
665 705
665 716
665 717
665 718
665 733
665 739
665 743
665 760
665 764
665 838
665 786
665 773
665 859
665 783
665 788
665 794
665 801
665 807
665 811
665 817
665 785
665 840
665 849
665 860
665 861
665 867
665 871
665 875
665 878
665 877
665 893
665 896
665 897
665 898
665 915
665 803
665 777
665 778
665 813
711 86
711 91
711 177
711 294
711 307
711 336
711 516
711 763
711 764
711 783
774 925
774 930
774 937
774 944
774 945
774 946
774 961
774 966
774 969
774 970
774 974
774 992
774 993
774 1003
774 1014
774 1015
774 1019
774 3
774 5
774 7
774 12
774 23
774 28
774 32
774 36
774 39
774 43
774 47
774 57
774 58
774 60
774 70
774 74
774 79
774 80
774 81
774 82
774 92
774 93
774 95
774 96
774 104
774 106
774 107
774 125
774 128
774 131
774 148
774 168
774 174
774 186
774 192
774 198
774 203
774 205
774 208
774 210
774 213
774 215
774 219
774 224
774 231
774 237
774 242
774 247
774 252
774 257
774 258
774 261
774 262
774 272
774 280
774 282
774 290
774 292
774 295
774 296
774 300
774 303
774 304
774 307
774 308
774 330
774 335
774 339
774 347
774 351
774 353
774 354
774 360
774 365
774 367
774 368
774 369
774 371
774 372
774 383
774 388
774 390
774 392
774 400
774 401
774 406
774 407
774 408
774 425
774 428
774 451
774 453
774 459
774 465
774 473
774 474
774 485
774 489
774 492
774 502
774 528
774 530
774 533
774 542
774 543
774 547
774 548
774 550
774 552
774 561
774 562
774 570
774 571
774 574
774 581
774 597
774 621
774 622
774 624
774 631
774 632
774 643
774 645
774 660
774 661
774 664
774 672
774 673
774 685
774 701
774 709
774 712
774 716
774 718
774 722
774 725
774 747
774 748
774 749
774 758
774 759
774 772
774 776
774 779
774 790
774 821
774 824
774 825
774 826
774 828
774 837
774 839
774 840
774 841
774 857
774 865
774 867
774 878
774 881
774 876
774 886
774 896
774 898
774 880
774 903
774 911
774 914
774 799
774 892
774 901
790 930
790 950
790 965
790 966
790 980
790 981
790 1013
790 22
790 86
790 91
790 151
790 153
790 170
790 186
790 198
790 203
790 212
790 237
790 249
790 262
790 271
790 277
790 282
790 299
790 300
790 301
790 309
790 314
790 342
790 358
790 427
790 440
790 481
790 492
790 494
790 498
790 546
790 581
790 625
790 654
790 663
790 697
790 717
790 720
790 733
790 751
790 772
790 849
790 865
790 867
790 876
790 877
790 882
790 911
790 912
790 862
790 813
882 955
882 972
882 1013
882 24
882 27
882 260
882 322
882 334
882 351
882 352
882 407
882 507
882 509
882 562
882 676
882 749
882 812
882 834
882 845
882 884
1001 930
1001 937
1001 86
1001 90
1001 143
1001 412
1001 427
1001 494
1001 498
1001 525
1001 527
1001 543
1001 581
1001 588
1001 652
1001 801
1001 815
1001 828
1001 840
1001 876
1001 877
1001 896
1001 1005
1001 1007
1011 928
1011 932
1011 937
1011 951
1011 983
1011 25
1011 35
1011 43
1011 54
1011 91
1011 95
1011 97
1011 112
1011 119
1011 140
1011 192
1011 231
1011 310
1011 320
1011 358
1011 385
1011 389
1011 412
1011 505
1011 525
1011 533
1011 541
1011 551
1011 580
1011 581
1011 604
1011 674
1011 694
1011 699
1011 734
1011 743
1011 770
1011 771
1011 773
1011 775
1011 778
1011 794
1011 811
1011 813
1011 888
1011 896
1011 909
1011 1019
920 31
920 39
920 207
920 223
920 305
920 584
920 797
920 831
920 891
31 928
31 950
31 954
31 957
31 967
31 983
31 984
31 1019
31 698
31 198
31 74
31 80
31 716
31 717
31 718
31 465
31 214
31 872
31 39
31 858
31 227
31 865
31 358
31 743
31 237
31 245
31 628
31 760
31 383
31 516
31 901
31 144
31 81
31 36
31 535
31 735
31 32
31 312
31 289
31 803
31 677
31 166
31 553
31 554
31 294
31 54
31 564
31 231
31 439
31 536
31 719
39 928
39 929
39 967
39 983
39 32
39 36
39 698
39 828
39 198
39 74
39 583
39 718
39 719
39 214
39 723
39 479
39 865
39 231
39 237
39 166
39 245
39 515
39 773
39 650
39 535
39 287
39 803
39 553
39 167
39 564
39 439
39 316
207 60
207 78
207 891
207 225
207 804
207 841
207 797
207 697
207 650
223 503
223 712
305 1005
305 61
305 143
305 189
305 272
305 427
584 72
584 107
584 111
584 212
584 318
584 426
584 528
584 621
584 850
584 823
797 36
797 45
797 120
797 252
797 428
797 644
797 891
831 978
831 208
831 804
831 875
891 78
891 697
921 86
921 355
921 418
86 927
86 933
86 935
86 938
86 939
86 941
86 943
86 953
86 965
86 980
86 981
86 982
86 989
86 1013
86 1
86 22
86 35
86 36
86 47
86 59
86 70
86 72
86 85
86 581
86 586
86 91
86 601
86 492
86 608
86 109
86 110
86 112
86 624
86 630
86 123
86 125
86 412
86 131
86 646
86 648
86 649
86 142
86 151
86 676
86 679
86 174
86 179
86 691
86 192
86 194
86 424
86 200
86 202
86 204
86 205
86 717
86 718
86 213
86 730
86 224
86 741
86 743
86 432
86 268
86 779
86 782
86 274
86 784
86 785
86 277
86 280
86 288
86 289
86 291
86 801
86 803
86 864
86 297
86 811
86 813
86 815
86 819
86 313
86 314
86 783
86 318
86 828
86 836
86 329
86 108
86 336
86 351
86 352
86 354
86 355
86 620
86 867
86 361
86 878
86 372
86 376
86 383
86 384
86 385
86 895
86 896
86 910
86 183
86 416
86 421
86 426
86 440
86 467
86 469
86 470
86 477
86 386
86 500
86 505
86 518
86 568
86 554
86 567
86 569
355 282
355 329
355 877
418 12
418 143
418 298
418 340
418 384
418 390
418 700
418 801
418 421
418 682
418 621
418 470
418 885
418 664
923 69
923 84
923 91
923 110
923 121
923 178
923 180
923 191
923 222
923 240
923 313
923 317
923 338
923 349
923 527
923 540
923 570
923 588
923 628
923 644
923 681
923 773
923 834
923 842
923 876
923 992
923 999
69 36
69 41
69 50
69 71
69 710
69 838
69 336
69 467
69 724
69 96
69 605
69 733
69 230
69 739
69 879
69 122
69 890
69 637
69 892
69 395
69 144
69 784
69 912
69 158
69 672
69 291
69 420
69 231
69 565
69 164
84 928
84 7
84 82
84 317
84 90
84 91
84 222
84 480
84 230
84 232
84 106
84 156
84 873
84 240
84 241
84 252
84 516
84 902
84 655
84 532
84 536
84 282
84 540
84 294
84 169
84 180
84 314
91 927
91 928
91 930
91 966
91 980
91 981
91 1014
91 19
91 22
91 29
91 63
91 72
91 90
91 573
91 102
91 106
91 620
91 621
91 628
91 121
91 127
91 637
91 133
91 143
91 658
91 671
91 169
91 505
91 186
91 189
91 191
91 192
91 712
91 221
91 732
91 259
91 231
91 232
91 240
91 241
91 247
91 763
91 764
91 768
91 775
91 272
91 783
91 784
91 280
91 282
91 801
91 294
91 297
91 313
91 314
91 274
91 317
91 336
91 848
91 346
91 351
91 352
91 359
91 385
91 390
91 412
91 425
91 428
91 480
91 516
91 527
91 532
91 543
91 554
110 52
110 143
110 112
110 272
110 501
121 928
121 929
121 48
121 338
121 341
121 480
121 608
121 230
121 231
121 232
121 490
121 237
121 873
121 240
121 241
121 389
121 508
121 764
121 768
121 516
121 644
121 777
121 532
121 536
121 543
178 477
178 189
178 888
180 992
180 42
180 62
180 111
180 169
180 718
180 601
180 222
180 873
180 606
180 232
180 492
180 240
180 241
180 763
180 388
180 773
180 536
191 928
191 984
191 79
191 718
191 338
191 491
191 730
191 231
191 487
191 237
191 366
191 241
191 649
191 525
191 527
191 671
191 294
191 679
191 308
222 929
222 157
222 540
222 317
222 637
222 530
222 570
222 536
222 712
222 240
222 876
222 628
222 681
222 313
222 282
240 928
240 933
240 935
240 949
240 969
240 981
240 19
240 36
240 47
240 92
240 162
240 163
240 169
240 181
240 214
240 227
240 229
240 230
240 231
240 232
240 237
240 317
240 572
240 575
240 326
240 838
240 459
240 341
240 660
240 872
240 532
240 732
240 480
240 743
240 873
240 621
240 241
240 588
240 500
240 886
240 476
240 637
240 766
240 516
240 266
240 522
240 393
240 779
240 543
240 775
240 911
240 659
240 406
240 777
240 281
240 282
240 540
240 679
240 548
240 842
240 420
240 297
240 907
240 573
240 425
240 586
240 655
240 314
240 570
313 935
313 29
313 111
313 126
313 214
313 312
313 317
313 681
313 849
313 492
313 745
313 876
313 628
313 629
313 630
313 633
313 816
313 649
313 654
313 909
313 679
313 434
313 691
313 570
317 928
317 981
317 993
317 1010
317 1013
317 3
317 25
317 68
317 72
317 82
317 102
317 120
317 155
317 204
317 229
317 231
317 232
317 241
317 252
317 258
317 282
317 308
317 314
317 805
317 332
317 591
317 850
317 351
317 352
317 480
317 865
317 489
317 515
317 516
317 644
317 773
317 775
317 649
317 606
317 655
317 792
317 540
317 628
317 568
317 806
317 681
317 428
317 559
317 845
317 437
317 761
317 570
338 982
338 231
338 278
338 715
338 717
338 718
338 341
338 852
338 743
338 873
338 527
338 412
338 543
338 425
338 814
338 464
338 719
349 957
349 961
349 993
349 36
349 77
349 85
349 119
349 143
349 195
349 205
349 272
349 298
349 599
349 356
349 876
349 389
349 652
349 547
349 687
527 927
527 928
527 930
527 956
527 1013
527 48
527 79
527 90
527 143
527 216
527 231
527 232
527 258
527 271
527 272
527 273
527 294
527 358
527 366
527 420
527 429
527 430
527 438
527 467
527 516
527 739
527 591
527 720
527 850
527 732
527 852
527 868
527 875
527 876
527 631
527 633
527 644
527 775
527 671
527 801
527 682
527 570
540 940
540 981
540 1013
540 8
540 231
540 241
540 274
540 277
540 480
540 516
540 775
540 655
540 644
540 845
570 928
570 930
570 933
570 935
570 940
570 946
570 1006
570 1015
570 1
570 15
570 18
570 36
570 52
570 62
570 96
570 104
570 128
570 139
570 141
570 161
570 193
570 202
570 214
570 256
570 282
570 309
570 325
570 336
570 339
570 341
570 346
570 358
570 361
570 386
570 458
570 492
570 512
570 536
570 567
570 568
570 743
570 576
570 581
570 709
570 838
570 718
570 681
570 875
570 656
570 625
570 628
570 693
570 588
570 677
570 674
570 717
570 781
588 933
588 965
588 8
588 22
588 63
588 106
588 117
588 227
588 273
588 292
588 297
588 310
588 314
588 318
588 352
588 367
588 516
588 567
588 568
588 573
588 576
588 704
588 706
588 838
588 841
588 621
588 591
588 746
588 628
588 760
588 764
588 766
588 911
588 813
628 935
628 12
628 37
628 66
628 93
628 111
628 212
628 217
628 237
628 250
628 270
628 297
628 414
628 424
628 434
628 480
628 499
628 558
628 559
628 595
628 833
628 849
628 717
628 846
628 681
628 796
628 738
628 753
628 876
628 728
628 764
628 649
628 669
628 676
644 946
644 997
644 20
644 61
644 120
644 139
644 237
644 252
644 255
644 257
644 258
644 259
644 276
644 282
644 289
644 297
644 308
644 352
644 358
644 412
644 428
644 432
644 492
644 515
644 526
644 535
644 567
644 576
644 583
644 610
644 619
644 643
644 706
644 707
644 709
644 764
644 841
644 722
644 893
644 732
644 743
644 813
644 649
644 650
644 783
644 803
681 62
681 152
681 294
681 336
681 342
681 492
681 536
681 606
681 654
773 939
773 940
773 965
773 999
773 1010
773 8
773 25
773 32
773 36
773 47
773 92
773 95
773 101
773 114
773 139
773 150
773 167
773 193
773 241
773 248
773 289
773 309
773 325
773 352
773 386
773 451
773 470
773 491
773 538
773 580
773 587
773 633
773 667
773 719
773 760
773 785
773 864
773 876
773 885
773 904
773 780
773 803
834 20
834 111
834 258
834 259
834 567
834 568
834 660
842 62
842 803
876 927
876 932
876 933
876 938
876 949
876 953
876 965
876 980
876 981
876 1013
876 4
876 15
876 20
876 27
876 34
876 36
876 59
876 61
876 63
876 81
876 87
876 112
876 113
876 122
876 123
876 127
876 135
876 174
876 186
876 196
876 201
876 204
876 205
876 249
876 250
876 253
876 271
876 277
876 280
876 289
876 294
876 297
876 298
876 299
876 306
876 314
876 330
876 331
876 340
876 346
876 347
876 390
876 397
876 412
876 440
876 445
876 451
876 454
876 536
876 563
876 581
876 591
876 598
876 604
876 608
876 614
876 620
876 633
876 652
876 682
876 700
876 704
876 707
876 715
876 729
876 730
876 739
876 745
876 746
876 758
876 759
876 763
876 783
876 787
876 796
876 801
876 827
876 839
876 845
876 849
876 864
876 865
876 877
876 878
876 884
876 911
992 42
992 128
992 440
992 492
992 718
992 828
999 945
999 62
999 92
999 224
999 231
999 260
999 331
999 342
999 360
999 440
999 491
999 601
999 733
999 802
999 803
999 868
999 896
924 12
924 41
924 474
924 590
12 1002
12 590
12 214
12 612
12 613
12 664
12 758
12 382
12 892
12 392
12 649
12 270
12 275
12 150
12 282
12 45
12 185
41 36
41 910
41 849
41 846
474 1019
474 296
474 383
474 388
474 590
474 910
590 421
590 477
590 586
590 779
590 910
925 28
925 93
925 498
925 612
925 633
925 712
28 294
28 740
28 62
93 954
93 1007
93 92
93 258
93 259
93 219
93 111
93 558
93 702
93 823
498 927
498 930
498 933
498 940
498 955
498 957
498 965
498 980
498 981
498 993
498 1
498 10
498 18
498 24
498 32
498 52
498 55
498 70
498 77
498 114
498 119
498 123
498 125
498 141
498 147
498 201
498 204
498 208
498 224
498 225
498 233
498 277
498 280
498 282
498 285
498 289
498 297
498 298
498 314
498 328
498 331
498 351
498 352
498 353
498 354
498 363
498 389
498 412
498 416
498 424
498 428
498 432
498 438
498 440
498 447
498 450
498 467
498 577
498 580
498 581
498 596
498 601
498 608
498 620
498 624
498 641
498 650
498 652
498 697
498 698
498 702
498 704
498 710
498 719
498 730
498 745
498 746
498 759
498 801
498 804
498 805
498 821
498 828
498 848
498 864
498 865
498 867
498 870
498 896
498 906
498 911
498 633
498 649
498 549
498 557
612 993
612 62
612 125
612 144
612 231
612 354
612 428
612 581
612 909
612 759
633 928
633 930
633 936
633 1
633 61
633 64
633 109
633 111
633 115
633 125
633 139
633 143
633 148
633 186
633 192
633 233
633 256
633 258
633 259
633 274
633 282
633 289
633 292
633 294
633 314
633 315
633 318
633 413
633 423
633 424
633 492
633 516
633 525
633 549
633 581
633 589
633 830
633 714
633 828
633 846
633 849
633 682
633 860
633 764
633 652
712 157
712 896
926 77
926 112
926 202
926 386
926 411
926 433
926 469
926 567
926 614
926 743
926 846
926 849
77 828
77 451
77 135
77 231
77 522
77 389
77 277
77 915
77 884
77 440
77 148
112 930
112 935
112 941
112 962
112 983
112 25
112 85
112 699
112 828
112 707
112 202
112 205
112 320
112 719
112 722
112 813
112 386
112 609
112 743
112 877
112 127
112 765
112 896
112 372
112 143
112 911
112 421
112 304
202 930
202 937
202 939
202 941
202 943
202 946
202 950
202 957
202 965
202 1019
202 59
202 61
202 64
202 81
202 95
202 119
202 170
202 173
202 193
202 828
202 581
202 594
202 329
202 838
202 849
202 320
202 212
202 341
202 384
202 865
202 358
202 361
202 743
202 492
202 813
202 625
202 389
202 568
202 893
202 386
202 647
202 648
202 650
202 780
202 606
202 467
202 785
202 794
202 417
202 843
202 505
202 304
202 434
202 803
386 965
386 982
386 1015
386 5
386 6
386 36
386 81
386 94
386 246
386 254
386 301
386 304
386 358
386 359
386 361
386 365
386 911
386 785
386 838
386 840
386 893
386 853
386 614
386 743
386 497
386 880
386 433
386 784
386 912
386 548
386 887
386 567
386 568
386 571
411 982
411 35
411 52
411 137
411 803
411 743
411 427
411 495
411 847
411 626
411 828
411 568
411 719
433 930
433 946
433 985
433 1016
433 1019
433 8
433 52
433 59
433 61
433 173
433 193
433 231
433 803
433 841
433 716
433 717
433 718
433 828
433 614
433 743
433 893
433 785
469 1000
469 35
469 51
469 358
469 427
469 849
469 813
567 927
567 930
567 934
567 935
567 946
567 949
567 981
567 989
567 1010
567 1013
567 1
567 18
567 24
567 35
567 50
567 53
567 71
567 99
567 100
567 105
567 119
567 120
567 139
567 141
567 151
567 169
567 170
567 177
567 189
567 193
567 204
567 234
567 258
567 259
567 273
567 282
567 294
567 308
567 309
567 320
567 339
567 358
567 361
567 389
567 392
567 410
567 458
567 489
567 525
567 544
567 563
567 581
567 604
567 609
567 621
567 650
567 660
567 667
567 682
567 705
567 706
567 717
567 719
567 728
567 771
567 783
567 801
567 803
567 813
567 814
567 837
567 893
567 904
567 568
614 957
614 36
614 61
614 105
614 346
614 412
614 742
614 717
614 718
614 719
743 930
743 932
743 939
743 946
743 949
743 961
743 967
743 982
743 983
743 985
743 988
743 1000
743 1014
743 1019
743 8
743 17
743 26
743 33
743 35
743 36
743 47
743 52
743 59
743 61
743 64
743 73
743 85
743 92
743 95
743 101
743 111
743 119
743 132
743 143
743 145
743 148
743 163
743 175
743 193
743 258
743 265
743 275
743 280
743 287
743 304
743 309
743 314
743 320
743 336
743 341
743 346
743 356
743 358
743 362
743 389
743 400
743 410
743 434
743 436
743 455
743 483
743 485
743 494
743 501
743 516
743 525
743 526
743 548
743 550
743 568
743 580
743 581
743 625
743 626
743 643
743 647
743 650
743 664
743 682
743 693
743 698
743 699
743 703
743 709
743 716
743 717
743 718
743 719
743 742
743 828
743 763
743 764
743 801
743 853
743 867
743 893
743 896
743 911
743 803
743 813
743 898
743 909
846 946
846 954
846 971
846 973
846 1
846 47
846 59
846 60
846 90
846 164
846 193
846 376
846 383
846 401
846 438
846 477
846 580
846 581
846 621
846 632
846 656
846 726
846 763
846 849
846 893
846 885
849 939
849 946
849 954
849 971
849 973
849 974
849 993
849 1013
849 1
849 6
849 36
849 43
849 47
849 52
849 59
849 60
849 90
849 126
849 143
849 163
849 164
849 170
849 193
849 217
849 271
849 272
849 282
849 289
849 295
849 297
849 309
849 328
849 346
849 350
849 354
849 368
849 376
849 383
849 399
849 401
849 410
849 422
849 428
849 438
849 477
849 531
849 536
849 555
849 566
849 575
849 578
849 580
849 581
849 583
849 591
849 621
849 632
849 656
849 698
849 726
849 763
849 776
849 798
849 835
849 853
849 893
849 885
927 47
927 81
927 144
927 151
927 153
927 272
927 273
927 282
927 427
927 477
927 493
927 581
927 652
927 661
927 912
927 980
927 950
47 930
47 935
47 939
47 946
47 949
47 35
47 36
47 828
47 71
47 583
47 722
47 717
47 718
47 847
47 512
47 344
47 346
47 729
47 354
47 609
47 738
47 231
47 872
47 365
47 886
47 760
47 507
47 253
47 764
47 384
47 896
47 389
47 505
47 278
47 52
47 608
47 291
47 80
47 802
47 801
47 174
47 887
47 803
47 436
47 341
81 930
81 935
81 937
81 938
81 940
81 941
81 982
81 1
81 21
81 59
81 706
81 717
81 718
81 85
81 467
81 865
81 741
81 673
81 878
81 813
81 383
81 389
81 436
81 288
81 672
81 674
81 434
81 329
81 337
144 955
144 993
144 998
144 1013
144 13
144 89
144 129
144 323
144 330
144 331
144 841
144 845
144 214
144 870
144 493
144 748
144 497
144 380
144 839
144 151
144 666
144 158
144 416
144 800
144 691
144 696
151 965
151 980
151 993
151 1013
151 23
151 62
151 581
151 342
151 862
151 231
151 867
151 497
151 259
151 654
151 277
151 153
151 416
151 568
151 427
151 440
151 232
153 965
153 980
153 993
153 1013
153 87
153 416
153 862
153 323
153 867
153 234
153 810
153 277
153 440
153 581
272 937
272 962
272 969
272 993
272 1016
272 14
272 15
272 25
272 36
272 104
272 143
272 183
272 257
272 325
272 582
272 713
272 336
272 466
272 745
272 602
272 604
272 492
272 621
272 623
272 301
272 760
272 763
272 764
272 477
272 516
272 783
272 280
272 675
272 676
272 297
272 426
272 739
272 315
273 965
273 979
273 980
273 1007
273 1010
273 1019
273 15
273 37
273 45
273 92
273 136
273 169
273 179
273 214
273 231
273 706
273 837
273 838
273 841
273 843
273 851
273 351
273 607
273 354
273 872
273 621
273 624
273 760
273 677
273 515
273 516
273 776
273 913
273 789
273 536
273 282
273 297
273 314
273 304
273 358
273 764
273 568
273 867
273 315
273 571
282 929
282 933
282 937
282 946
282 952
282 955
282 959
282 961
282 966
282 967
282 972
282 993
282 1013
282 2
282 3
282 7
282 9
282 10
282 18
282 20
282 36
282 45
282 63
282 74
282 90
282 100
282 104
282 109
282 111
282 114
282 120
282 123
282 124
282 135
282 169
282 177
282 179
282 189
282 193
282 198
282 203
282 205
282 209
282 215
282 219
282 225
282 227
282 248
282 252
282 256
282 258
282 259
282 260
282 271
282 274
282 277
282 591
282 308
282 620
282 624
282 583
282 662
282 679
282 689
282 691
282 696
282 698
282 702
282 715
282 720
282 722
282 728
282 737
282 287
282 801
282 803
282 805
282 298
282 808
282 817
282 309
282 314
282 823
282 827
282 828
282 326
282 837
282 838
282 331
282 841
282 845
282 339
282 857
282 354
282 358
282 870
282 364
282 706
282 878
282 880
282 892
282 392
282 407
282 415
282 430
282 465
282 723
282 473
282 479
282 480
282 643
282 525
282 510
282 515
282 535
282 536
282 541
282 542
282 543
282 549
282 554
282 556
282 566
282 568
282 730
427 928
427 949
427 955
427 967
427 980
427 981
427 983
427 1007
427 1013
427 63
427 119
427 123
427 128
427 204
427 227
427 256
427 258
427 270
427 271
427 277
427 297
427 301
427 304
427 314
427 351
427 412
427 416
427 424
427 426
427 828
427 763
427 608
427 718
427 848
427 865
427 880
427 815
427 764
427 519
427 637
427 556
427 911
427 798
427 746
427 801
427 442
427 563
427 436
427 845
477 976
477 1013
477 15
477 24
477 36
477 62
477 63
477 72
477 73
477 109
477 125
477 143
477 179
477 252
477 270
477 289
477 297
477 314
477 318
477 334
477 352
477 369
477 412
477 421
477 426
477 429
477 466
477 841
477 729
477 660
477 864
477 742
477 621
477 759
477 763
477 518
477 651
477 801
477 760
477 563
477 691
477 794
493 993
493 129
493 323
493 330
493 331
493 800
493 497
493 656
581 933
581 945
581 946
581 955
581 993
581 1013
581 36
581 59
581 66
581 111
581 150
581 179
581 193
581 194
581 258
581 259
581 304
581 318
581 354
581 358
581 416
581 440
581 517
581 554
581 568
581 580
581 698
581 699
581 912
581 838
581 840
581 718
581 719
581 720
581 850
581 744
581 871
581 630
581 888
581 803
581 911
581 693
581 845
581 697
652 1013
652 1019
652 10
652 18
652 36
652 170
652 174
652 248
652 271
652 274
652 277
652 331
652 347
652 353
652 373
652 412
652 467
652 591
652 601
652 621
652 702
652 720
652 850
652 682
652 746
652 737
652 911
652 816
652 845
652 697
661 123
661 309
661 330
661 381
661 740
661 844
912 993
912 336
912 744
912 802
912 864
912 896
980 965
980 22
980 45
980 169
980 231
980 237
980 277
980 299
980 416
980 440
980 595
980 608
980 620
980 649
980 690
980 704
980 706
980 717
980 740
980 799
980 841
980 862
980 867
980 880
980 896
980 911
980 981
950 8
950 52
950 155
950 294
950 314
950 412
950 421
950 625
950 637
950 713
950 716
950 717
950 718
950 719
950 720
950 730
950 755
950 760
950 765
950 803
950 845
950 957
950 975
950 981
950 1013
950 985
950 965
928 8
928 19
928 79
928 90
928 92
928 106
928 138
928 169
928 206
928 219
928 230
928 231
928 232
928 297
928 308
928 314
928 358
928 390
928 440
928 459
928 516
928 522
928 532
928 536
928 556
928 573
928 594
928 658
928 682
928 706
928 718
928 763
928 764
928 765
928 768
928 775
928 798
928 841
928 868
928 911
928 957
928 982
928 984
928 983
928 1010
928 981
928 929
928 946
8 939
8 975
8 143
8 580
8 716
8 717
8 718
8 369
8 760
8 765
8 396
8 653
8 803
19 63
19 732
19 294
19 775
19 896
19 20
19 231
19 764
79 982
79 20
79 671
79 417
79 231
79 515
79 205
79 541
79 453
79 873
79 852
79 599
79 156
79 687
90 1007
90 22
90 24
90 45
90 72
90 196
90 837
90 591
90 92
90 351
90 352
90 480
90 735
90 231
90 237
90 516
90 783
90 372
90 248
90 126
90 253
90 764
90 511
90 135
90 270
90 911
90 407
90 289
90 801
90 294
90 297
90 813
90 910
90 314
92 933
92 942
92 954
92 45
92 63
92 576
92 706
92 679
92 837
92 219
92 864
92 231
92 241
92 120
92 126
92 655
92 541
92 229
92 230
106 45
106 102
106 732
106 803
106 111
106 557
106 637
106 231
106 292
138 247
138 637
138 837
169 965
169 981
169 1010
169 63
169 704
169 706
169 573
169 336
169 492
169 480
169 230
169 791
169 746
169 620
169 241
169 764
169 516
169 392
169 911
169 425
169 813
169 231
169 314
206 231
206 573
206 308
219 946
219 954
219 171
219 388
219 709
219 549
219 309
219 714
219 440
230 7
230 155
230 181
230 573
230 231
230 232
230 237
230 873
230 241
230 637
230 266
230 659
230 281
231 936
231 955
231 967
231 969
231 7
231 18
231 70
231 115
231 119
231 122
231 125
231 189
231 214
231 227
231 229
231 573
231 601
231 577
231 631
231 649
231 659
231 671
231 698
231 706
231 724
231 232
231 237
231 746
231 766
231 260
231 772
231 775
231 268
231 783
231 277
231 281
231 294
231 300
231 815
231 308
231 314
231 274
231 845
231 848
231 341
231 852
231 867
231 868
231 873
231 366
231 886
231 383
231 388
231 389
231 911
231 412
231 630
231 416
231 420
231 428
231 452
231 480
231 516
231 522
231 532
231 536
231 549
231 557
232 594
232 719
232 848
232 351
232 352
232 480
232 237
232 241
232 516
232 732
232 775
232 407
232 416
232 799
232 440
297 930
297 985
297 987
297 1014
297 1020
297 20
297 32
297 70
297 72
297 111
297 179
297 214
297 237
297 252
297 289
297 698
297 828
297 706
297 383
297 691
297 701
297 718
297 467
297 470
297 351
297 354
297 358
297 867
297 705
297 870
297 813
297 885
297 896
297 388
297 649
297 779
297 658
297 336
297 423
297 554
297 428
297 811
297 823
297 819
297 696
297 697
308 18
308 45
308 100
308 111
308 203
308 241
308 252
308 256
308 288
308 573
308 705
308 709
308 583
308 873
308 515
308 364
308 366
308 543
308 909
308 525
308 428
314 965
314 981
314 987
314 1
314 149
314 198
314 215
314 229
314 237
314 255
314 262
314 277
314 289
314 292
314 304
314 911
314 577
314 848
314 764
314 840
314 336
314 422
314 729
314 791
314 733
314 865
314 351
314 361
314 706
314 877
314 878
314 389
314 754
314 763
314 625
314 896
314 525
314 352
314 785
314 533
314 407
314 543
314 679
314 425
314 426
314 870
314 686
314 571
358 933
358 946
358 983
358 1006
358 1010
358 1015
358 1
358 18
358 85
358 96
358 120
358 125
358 139
358 141
358 143
358 172
358 193
358 259
358 289
358 294
358 309
358 339
358 346
358 827
358 582
358 838
358 553
358 718
358 610
358 492
358 750
358 376
358 764
358 580
358 837
358 771
358 904
358 656
358 660
358 776
358 693
358 737
358 428
358 548
358 781
358 803
358 489
358 568
390 930
390 325
390 764
390 516
390 717
390 816
390 758
390 421
440 943
440 965
440 970
440 18
440 72
440 80
440 143
440 161
440 268
440 277
440 285
440 332
440 344
440 354
440 384
440 414
440 428
440 432
440 467
440 601
440 867
440 877
440 878
440 881
440 501
440 900
440 585
440 840
440 862
440 802
440 679
440 813
459 940
459 1
459 20
459 45
459 62
459 126
459 266
459 659
516 930
516 939
516 1014
516 36
516 50
516 59
516 63
516 102
516 111
516 120
516 143
516 189
516 198
516 258
516 280
516 320
516 336
516 339
516 341
516 346
516 351
516 352
516 425
516 718
516 706
516 682
516 758
516 763
516 764
516 770
516 775
516 801
516 783
516 886
516 573
516 717
522 967
522 1010
522 45
522 54
522 73
522 101
522 142
522 198
522 289
522 518
522 577
522 662
522 864
522 867
522 637
522 911
522 585
522 535
522 799
522 568
532 72
532 294
532 421
532 525
532 543
532 768
532 536
532 851
536 929
536 939
536 947
536 983
536 984
536 1012
536 1019
536 2
536 30
536 63
536 189
536 200
536 213
536 277
536 368
536 372
536 391
536 428
536 481
536 706
536 608
536 841
536 717
536 718
536 851
536 664
536 542
536 557
556 949
556 33
556 36
556 119
556 136
556 256
556 270
556 336
556 442
556 803
556 801
573 241
573 341
573 543
573 766
573 738
594 987
594 189
594 389
594 435
594 847
658 170
658 172
658 290
658 301
658 811
682 7
682 49
682 63
682 105
682 140
682 143
682 253
682 280
682 389
682 412
682 604
682 707
682 841
682 847
682 859
682 811
706 965
706 979
706 981
706 45
706 135
706 136
706 214
706 277
706 289
706 315
706 351
706 352
706 354
706 369
706 412
706 451
706 549
706 558
706 568
706 600
706 604
706 624
706 625
706 704
706 838
706 841
706 727
706 867
706 758
706 764
706 776
706 843
706 814
718 930
718 939
718 946
718 957
718 967
718 977
718 982
718 983
718 985
718 1019
718 20
718 26
718 36
718 45
718 49
718 61
718 63
718 66
718 95
718 109
718 119
718 126
718 143
718 155
718 193
718 235
718 237
718 251
718 254
718 277
718 289
718 292
718 294
718 304
718 309
718 311
718 320
718 329
718 339
718 346
718 360
718 362
718 384
718 425
718 436
718 466
718 467
718 500
718 512
718 553
718 563
718 564
718 568
718 609
718 621
718 648
718 693
718 694
718 716
718 717
718 719
718 727
718 732
718 742
718 760
718 761
718 803
718 811
718 838
718 841
718 851
718 906
718 893
718 813
763 946
763 981
763 997
763 1014
763 1019
763 6
763 36
763 70
763 111
763 128
763 143
763 148
763 173
763 189
763 193
763 198
763 254
763 280
763 289
763 304
763 309
763 336
763 346
763 351
763 352
763 434
763 451
763 518
763 526
763 543
763 553
763 591
763 608
763 621
763 679
763 719
763 783
763 861
763 878
763 813
763 911
763 877
763 764
763 803
764 981
764 22
764 111
764 143
764 148
764 198
764 336
764 480
764 543
764 557
764 577
764 591
764 745
764 836
764 783
764 775
764 814
765 1005
765 36
765 101
765 277
765 320
765 512
765 575
765 719
768 513
768 543
768 758
768 775
775 20
775 63
775 143
775 170
775 246
775 480
775 640
775 838
798 993
798 43
798 339
841 955
841 985
841 989
841 1012
841 1013
841 45
841 49
841 126
841 128
841 164
841 226
841 253
841 296
841 345
841 353
841 602
841 637
841 657
841 716
841 717
841 719
841 729
841 738
841 814
841 819
841 845
841 903
841 907
841 865
868 62
868 270
868 660
868 733
868 865
911 930
911 940
911 966
911 981
911 1013
911 22
911 36
911 119
911 186
911 195
911 227
911 271
911 277
911 292
911 299
911 304
911 365
911 369
911 372
911 412
911 416
911 422
911 543
911 608
911 620
911 624
911 625
911 651
911 704
911 720
911 813
911 872
911 880
911 888
957 45
957 123
957 155
957 485
957 491
957 694
957 716
957 717
957 719
957 760
957 803
957 864
957 1017
982 930
982 932
982 35
982 36
982 148
982 193
982 378
982 384
982 385
982 398
982 455
982 521
982 526
982 549
982 576
982 608
982 625
982 716
982 717
982 793
982 813
982 877
982 887
982 896
982 985
982 1019
984 967
984 983
984 45
984 126
984 155
984 166
984 237
984 280
984 316
984 564
984 677
984 716
984 717
984 719
984 858
984 985
983 930
983 967
983 6
983 36
983 45
983 80
983 101
983 126
983 155
983 166
983 237
983 292
983 316
983 466
983 525
983 557
983 564
983 625
983 677
983 694
983 717
983 719
983 760
983 837
983 851
983 858
1010 45
1010 568
1010 610
1010 649
1010 705
981 965
981 966
981 22
981 34
981 186
981 237
981 246
981 299
981 416
981 422
981 554
981 568
981 595
981 608
981 620
981 625
981 690
981 700
981 704
981 720
981 733
981 840
981 877
981 878
981 880
981 896
981 1013
929 45
929 126
929 237
929 557
929 733
929 829
946 125
946 137
946 161
946 194
946 198
946 281
946 309
946 316
946 318
946 346
946 389
946 398
946 410
946 467
946 548
946 550
946 553
946 557
946 568
946 571
946 585
946 625
946 627
946 641
946 670
946 687
946 693
946 705
946 717
946 719
946 782
946 791
946 794
946 803
946 838
946 840
946 893
946 965
946 988
45 937
45 939
45 947
45 985
45 1012
45 2
45 829
45 325
45 709
45 586
45 716
45 717
45 339
45 213
45 851
45 726
45 481
45 747
45 364
45 492
45 372
45 127
45 133
45 557
45 392
45 649
45 543
45 143
45 270
45 907
45 733
45 247
45 914
45 664
45 421
45 295
45 908
45 428
45 304
45 210
45 811
45 54
45 316
126 937
126 947
126 1012
126 1019
126 2
126 829
126 457
126 717
126 470
126 309
126 887
126 127
126 270
126 531
126 295
126 557
126 304
126 564
126 186
126 316
237 947
237 965
237 967
237 985
237 2
237 36
237 37
237 63
237 74
237 123
237 125
237 143
237 166
237 199
237 213
237 704
237 716
237 717
237 719
237 473
237 354
237 483
237 620
237 241
237 753
237 745
237 511
237 515
237 801
237 564
237 277
237 289
237 412
237 294
237 426
237 759
237 557
237 760
237 485
237 436
237 693
237 315
237 316
557 930
557 63
557 156
557 291
557 309
557 412
557 464
557 480
557 719
557 602
557 604
557 732
557 896
557 777
557 733
557 802
557 813
733 959
733 969
733 2
733 18
733 36
733 37
733 43
733 102
733 114
733 119
733 135
733 213
733 218
733 246
733 252
733 287
733 289
733 346
733 352
733 354
733 407
733 443
733 596
733 620
733 621
733 679
733 691
733 704
733 723
733 730
733 807
733 867
733 870
733 910
829 2
930 9
930 15
930 21
930 22
930 35
930 61
930 66
930 83
930 119
930 123
930 143
930 148
930 175
930 183
930 193
930 212
930 213
930 248
930 249
930 254
930 274
930 277
930 280
930 294
930 304
930 310
930 320
930 330
930 331
930 334
930 343
930 356
930 385
930 412
930 451
930 467
930 517
930 521
930 524
930 539
930 568
930 571
930 577
930 591
930 599
930 621
930 632
930 679
930 710
930 717
930 720
930 722
930 728
930 730
930 760
930 772
930 780
930 781
930 782
930 783
930 794
930 801
930 803
930 812
930 813
930 825
930 828
930 838
930 845
930 848
930 859
930 867
930 870
930 874
930 877
930 880
930 884
930 888
930 893
930 896
930 906
930 915
930 932
930 935
930 937
930 938
930 939
930 940
930 965
930 966
930 972
930 986
930 1013
9 480
9 17
9 49
9 122
15 933
15 64
15 838
15 61
15 641
15 492
15 740
15 111
15 621
15 813
15 258
15 259
15 143
15 412
15 304
15 686
15 52
15 294
15 571
21 18
21 99
21 421
21 808
21 717
21 814
21 252
22 966
22 1013
22 416
22 625
22 704
22 896
22 299
22 620
22 720
22 186
35 1019
35 742
35 495
35 501
35 893
35 148
35 275
35 410
35 813
35 52
35 309
35 568
61 940
61 949
61 993
61 1019
61 6
61 36
61 43
61 64
61 193
61 453
61 813
61 717
61 719
61 727
61 859
61 483
61 742
61 346
61 580
61 881
61 887
61 667
61 893
61 133
61 646
61 139
61 521
61 904
61 119
61 526
61 782
61 148
61 275
61 404
61 406
61 280
61 412
61 548
61 803
61 175
61 309
61 693
66 993
66 335
66 823
83 102
83 776
83 697
119 940
119 1016
119 1019
119 26
119 36
119 260
119 320
119 212
119 735
119 863
119 483
119 896
119 742
119 762
119 265
119 647
119 525
119 398
119 860
119 412
119 741
119 294
119 813
119 434
119 549
119 568
123 118
123 583
123 214
123 865
123 621
123 625
123 249
123 125
123 252
123 135
123 479
123 150
123 860
123 292
123 376
123 422
123 888
143 962
143 969
143 1016
143 3
143 14
143 25
143 36
143 50
143 59
143 127
143 139
143 320
143 198
143 582
143 336
143 719
143 466
143 828
143 851
143 745
143 325
143 602
143 492
143 621
143 877
143 623
143 909
143 910
143 875
143 163
143 283
143 542
143 869
143 675
143 543
143 426
143 300
143 691
143 730
143 760
148 975
148 1017
148 1019
148 582
148 554
148 621
148 623
148 626
148 505
148 283
148 426
148 685
148 304
148 887
148 436
175 646
175 813
175 623
175 851
183 932
183 938
183 943
183 131
183 667
183 828
193 6
193 20
193 51
193 139
193 194
193 705
193 580
193 838
193 840
193 719
193 621
193 813
193 650
193 412
193 287
193 309
193 568
193 571
212 18
212 100
212 120
212 203
212 339
212 214
212 857
212 859
212 392
212 649
212 549
212 428
213 969
213 1016
213 24
213 25
213 43
213 73
213 164
213 828
213 325
213 839
213 771
213 776
213 649
213 660
213 421
213 252
248 23
248 421
249 989
249 896
249 803
254 985
254 36
254 101
254 794
254 351
254 716
274 966
274 525
274 298
274 277
277 965
277 966
277 1019
277 26
277 85
277 205
277 451
277 707
277 717
277 719
277 345
277 729
277 604
277 862
277 736
277 483
277 867
277 369
277 878
277 888
277 583
277 772
277 521
277 903
277 909
277 280
277 415
277 801
277 649
277 298
277 563
277 438
280 85
280 257
280 318
280 451
280 707
280 336
280 847
280 729
280 604
280 606
280 483
280 750
280 878
280 813
280 888
280 625
280 391
280 521
280 649
280 782
280 425
280 908
280 309
280 909
294 29
294 52
294 125
294 166
294 170
294 189
294 255
294 258
294 698
294 828
294 321
294 826
294 709
294 840
294 716
294 717
294 724
294 742
294 719
294 296
294 888
294 803
294 626
294 525
294 543
294 814
294 434
294 568
304 940
304 949
304 965
304 975
304 1019
304 80
304 292
304 580
304 716
304 717
304 719
304 342
304 365
304 813
304 650
304 908
304 909
304 693
304 783
310 959
310 979
310 292
310 589
320 36
320 85
320 242
320 325
320 329
320 716
320 717
320 719
320 722
320 728
320 625
320 502
320 893
320 335
320 813
320 815
320 568
330 993
330 129
330 323
330 800
330 331
330 497
331 129
331 323
331 800
331 497
331 599
334 174
334 271
334 828
334 392
334 880
343 147
343 159
343 177
343 258
343 702
343 368
343 528
343 697
356 32
356 884
356 491
356 716
356 717
356 719
356 787
356 788
356 821
356 758
385 932
385 34
385 192
385 371
385 699
385 460
385 862
385 624
385 888
385 890
385 521
385 525
385 667
385 813
385 432
385 691
412 940
412 1019
412 1
412 30
412 134
412 271
412 309
412 311
412 384
412 467
412 896
412 613
412 625
412 624
412 519
412 785
412 780
412 660
412 788
412 526
412 563
451 935
451 966
451 139
451 649
451 878
467 937
467 965
467 36
467 111
467 125
467 251
467 258
467 259
467 271
467 292
467 369
467 434
467 445
467 828
467 707
467 483
467 758
467 803
467 709
467 519
467 520
467 904
467 546
467 563
517 746
521 932
521 371
521 794
521 813
521 830
521 728
521 793
524 528
524 697
524 702
539 242
539 525
568 933
568 934
568 935
568 937
568 949
568 961
568 989
568 1006
568 1013
568 1014
568 1019
568 1
568 18
568 24
568 26
568 52
568 59
568 99
568 100
568 132
568 139
568 163
568 170
568 217
568 234
568 258
568 259
568 300
568 303
568 309
568 339
568 346
568 361
568 392
568 410
568 424
568 458
568 489
568 525
568 544
568 563
568 604
568 609
568 613
568 621
568 643
568 650
568 702
568 705
568 709
568 716
568 717
568 719
568 728
568 771
568 783
568 803
568 808
568 813
568 814
568 837
568 885
568 893
568 895
568 801
571 1
571 111
571 139
571 218
571 309
571 339
571 910
571 803
571 691
577 1005
577 215
577 292
577 407
577 434
577 890
577 827
577 896
577 848
577 589
577 909
591 109
591 203
591 214
591 300
591 421
591 575
591 896
591 813
599 197
599 291
599 464
599 799
599 741
599 687
621 967
621 1017
621 1019
621 18
621 25
621 36
621 43
621 57
621 59
621 111
621 120
621 139
621 152
621 163
621 221
621 252
621 259
621 265
621 270
621 278
621 309
621 322
621 342
621 346
621 353
621 383
621 389
621 426
621 466
621 480
621 525
621 546
621 558
621 574
621 580
621 604
621 609
621 610
621 705
621 835
621 709
621 716
621 869
621 727
621 754
621 886
621 760
621 771
621 880
621 785
621 687
621 896
621 655
632 18
632 36
632 59
632 111
632 139
632 150
632 258
632 259
632 278
632 327
632 422
632 466
632 478
632 525
632 558
632 580
632 760
632 886
679 56
679 80
679 111
679 224
679 292
679 309
679 318
679 391
679 492
679 729
679 730
679 896
679 878
679 758
679 888
679 766
679 802
710 549
710 730
710 807
717 939
717 967
717 985
717 1012
717 1013
717 20
717 26
717 36
717 37
717 51
717 63
717 109
717 155
717 192
717 251
717 285
717 289
717 292
717 341
717 346
717 360
717 362
717 376
717 384
717 400
717 436
717 485
717 523
717 553
717 563
717 564
717 595
717 604
717 609
717 659
717 716
717 719
717 727
717 752
717 760
717 783
717 802
717 803
717 811
717 814
717 819
717 823
717 838
717 851
717 859
717 885
717 898
717 909
717 813
720 956
720 966
720 1013
720 186
720 271
720 299
720 625
722 935
722 365
722 436
722 535
722 656
722 801
722 726
728 1019
728 270
728 500
728 649
728 730
730 932
730 945
730 168
730 204
730 214
730 215
730 224
730 292
730 341
730 342
730 354
730 424
730 561
730 828
730 877
730 878
730 881
730 896
730 909
730 799
730 802
730 818
730 821
760 961
760 967
760 1004
760 36
760 155
760 189
760 322
760 466
760 609
760 610
760 655
760 691
760 701
760 851
760 801
760 815
760 803
760 823
772 1002
772 111
772 704
772 709
772 771
772 803
780 997
780 549
780 785
781 413
781 421
781 554
781 758
781 759
781 787
781 884
782 965
782 6
782 53
782 64
782 125
782 321
782 413
782 647
782 759
782 794
782 859
782 813
783 6
783 257
783 281
783 336
783 548
783 623
783 624
783 870
783 813
783 788
794 59
794 139
794 685
794 793
801 943
801 952
801 961
801 1019
801 18
801 189
801 247
801 258
801 351
801 354
801 359
801 423
801 609
801 629
801 643
801 649
801 674
801 709
801 771
801 913
801 898
801 893
801 907
801 909
801 802
801 813
801 814
801 815
803 939
803 940
803 949
803 988
803 6
803 36
803 52
803 101
803 155
803 189
803 255
803 300
803 309
803 369
803 384
803 436
803 501
803 515
803 525
803 538
803 553
803 575
803 579
803 625
803 647
803 667
803 788
803 828
803 898
812 574
812 654
812 758
812 878
813 932
813 935
813 937
813 939
813 940
813 961
813 987
813 36
813 59
813 64
813 73
813 107
813 128
813 156
813 170
813 217
813 321
813 346
813 347
813 384
813 401
813 416
813 449
813 457
813 460
813 492
813 505
813 515
813 534
813 535
813 550
813 554
813 562
813 580
813 608
813 623
813 647
813 672
813 691
813 693
813 699
813 707
813 719
813 757
813 770
813 785
813 811
813 828
813 859
813 861
813 893
813 885
813 888
813 909
825 300
825 875
828 934
828 935
828 938
828 939
828 941
828 943
828 965
828 1
828 40
828 59
828 85
828 95
828 105
828 108
828 125
828 128
828 170
828 205
828 217
828 224
828 291
828 303
828 321
828 324
828 329
828 365
828 383
828 384
828 407
828 428
828 583
828 586
828 589
828 610
828 625
828 648
828 656
828 660
828 667
828 685
828 709
828 741
828 771
828 845
828 910
828 895
828 909
838 1015
838 1
838 36
838 62
838 85
838 104
838 128
838 139
838 141
838 161
838 198
838 214
838 247
838 256
838 309
838 315
838 339
838 341
838 383
838 492
838 508
838 512
838 550
838 576
838 693
838 837
838 864
838 904
845 956
845 993
845 1017
845 20
845 29
845 339
848 215
848 292
848 407
848 434
848 589
848 827
848 896
848 909
859 174
859 214
859 321
859 758
859 778
859 830
859 861
867 965
867 109
867 111
867 224
867 258
867 259
867 346
867 351
867 608
867 624
867 862
867 870
867 888
867 896
867 909
870 214
870 351
870 414
870 416
870 608
870 649
870 697
870 802
870 875
874 420
874 878
877 935
877 965
877 1007
877 25
877 34
877 36
877 85
877 127
877 164
877 201
877 205
877 253
877 271
877 299
877 306
877 397
877 494
877 620
877 655
877 704
877 745
877 791
877 861
877 869
877 878
880 956
880 967
880 299
880 335
880 416
880 450
880 620
880 704
884 111
884 236
884 413
884 492
884 525
884 758
884 759
884 787
884 822
888 932
888 933
888 2
888 73
888 216
888 323
888 345
888 422
888 492
888 531
888 562
888 675
888 676
888 699
888 827
888 862
893 111
893 166
893 346
893 495
893 512
893 625
893 667
893 694
893 904
896 940
896 965
896 978
896 979
896 1
896 36
896 80
896 122
896 125
896 127
896 192
896 195
896 198
896 211
896 258
896 359
896 361
896 452
896 541
896 549
896 601
896 604
896 620
896 624
896 625
896 630
896 698
896 704
896 742
896 745
896 762
896 766
896 784
896 799
896 827
896 843
896 847
896 850
896 863
896 907
906 955
906 50
906 135
906 627
915 71
915 134
915 352
932 157
932 205
932 224
932 699
932 890
935 1
935 59
935 391
935 464
935 526
935 609
935 610
935 705
935 707
935 937
937 1
937 16
937 18
937 36
937 59
937 189
937 252
937 296
937 303
937 309
937 318
937 364
937 383
937 389
937 428
937 586
937 660
937 741
937 746
937 865
937 885
938 131
938 382
938 428
938 624
938 667
938 861
938 961
938 943
939 59
939 73
939 85
939 95
939 111
939 342
939 456
939 561
939 602
939 625
939 655
939 664
939 739
939 875
940 59
940 62
940 95
940 111
940 234
940 278
940 287
940 291
940 389
940 483
940 602
940 674
940 791
940 885
940 965
965 936
965 958
965 11
965 30
965 195
965 264
965 299
965 309
965 351
965 352
965 416
965 422
965 595
965 608
965 620
965 667
965 690
965 699
965 704
965 729
965 758
965 840
965 862
965 878
965 1002
966 952
966 108
966 133
966 186
966 271
966 298
966 299
966 478
966 625
966 1013
972 214
972 649
1013 956
1013 3
1013 111
1013 179
1013 186
1013 192
1013 298
1013 299
1013 327
1013 328
1013 354
1013 422
1013 510
1013 535
1013 583
1013 625
931 10
10 492
10 351
10 575
10 72
10 296
10 234
10 18
10 625
10 754
10 697
157 951
157 296
157 553
157 205
157 543
157 214
205 195
205 691
224 945
224 23
224 204
224 326
224 342
224 860
224 741
224 881
224 383
224 656
224 424
224 799
224 292
224 802
224 818
699 95
699 163
699 291
699 298
699 464
699 505
699 538
699 625
699 723
699 898
699 909
890 967
890 122
890 454
933 111
111 955
111 962
111 6
111 24
111 36
111 52
111 60
111 64
111 583
111 120
111 125
111 128
111 649
111 695
111 697
111 698
111 700
111 705
111 214
111 726
111 732
111 246
111 256
111 259
111 771
111 270
111 296
111 814
111 843
111 339
111 853
111 855
111 856
111 351
111 862
111 863
111 383
111 399
111 413
111 438
111 442
111 450
111 489
111 509
111 515
111 525
111 396
111 542
111 544
111 566
934 36
934 116
934 128
934 307
934 382
934 479
934 865
934 963
934 955
934 1002
36 949
36 954
36 1019
36 30
36 63
36 64
36 580
36 583
36 101
36 625
36 120
36 664
36 164
36 176
36 177
36 691
36 189
36 719
36 729
36 428
36 227
36 742
36 246
36 256
36 271
36 315
36 322
36 328
36 851
36 383
36 388
36 416
36 421
36 422
36 436
36 464
36 465
36 466
36 492
36 512
36 525
36 651
36 542
36 553
36 46
36 56
36 59
116 428
116 203
128 258
128 259
128 389
128 262
128 473
128 693
307 889
307 740
307 687
382 1002
382 150
382 214
382 892
382 649
382 428
479 176
479 452
479 687
865 945
865 968
865 354
865 663
865 719
865 802
955 88
955 154
955 258
955 259
955 414
955 431
955 583
955 956
1002 452
1002 649
1002 909
1002 1007
1 453
1 587
1 214
1 125
1 20
1 840
59 941
59 951
59 346
59 609
59 501
59 672
391 50
391 869
391 850
464 945
464 34
464 63
464 291
464 604
464 766
464 562
464 480
464 687
526 997
526 241
526 309
609 50
609 252
609 423
609 826
609 678
609 705
609 610
609 625
610 101
610 114
610 164
610 203
610 252
610 393
610 575
610 596
610 847
610 784
610 659
610 676
610 678
705 6
705 43
705 217
705 259
705 580
705 656
705 704
707 298
707 406
707 649
936 563
563 298
563 354
563 716
563 719
563 729
16 0
16 544
16 368
16 903
16 399
16 218
18 961
18 702
18 303
18 328
18 203
18 525
18 738
18 489
18 492
18 753
18 120
18 252
18 776
18 528
18 164
18 428
18 103
18 177
18 697
189 959
189 977
189 117
189 141
189 150
189 452
189 580
189 203
189 589
189 724
189 217
189 492
189 368
189 709
189 519
189 400
252 1007
252 26
252 37
252 120
252 174
252 190
252 702
252 576
252 318
252 583
252 339
252 855
252 738
252 364
252 892
252 518
252 649
252 465
252 785
252 428
252 814
252 328
252 697
296 359
296 821
303 142
303 214
303 701
303 544
303 895
303 839
303 535
303 378
309 1007
309 70
309 198
309 218
309 242
309 580
309 456
309 840
309 346
309 495
309 626
309 887
309 643
309 525
309 428
309 549
318 7
318 179
318 198
318 242
318 295
318 328
318 351
318 383
318 909
318 554
318 820
318 697
364 120
364 203
364 287
364 583
364 758
364 525
364 529
364 549
383 1017
383 1019
383 23
383 62
383 101
383 229
383 323
383 354
383 580
383 492
383 388
383 691
389 74
389 109
389 115
389 125
389 135
389 137
389 185
389 198
389 262
389 703
389 600
389 735
389 864
389 431
389 504
389 519
389 649
389 404
389 800
389 805
389 553
389 564
389 438
428 1007
428 2
428 99
428 100
428 120
428 203
428 217
428 258
428 259
428 295
428 328
428 339
428 351
428 392
428 698
428 702
428 541
428 575
428 811
428 558
428 492
428 875
428 504
428 776
428 528
428 862
428 525
428 691
586 910
660 129
660 201
660 480
660 840
660 662
741 604
741 646
741 687
746 60
885 351
885 635
885 709
131 943
131 667
131 525
624 96
624 326
624 423
624 833
624 836
624 715
624 744
624 799
624 814
667 943
667 1019
667 52
667 352
667 548
667 904
667 778
861 34
861 321
861 342
861 830
861 856
861 878
861 904
961 258
961 276
961 815
961 898
943 815
73 421
73 583
73 875
73 216
85 951
85 105
85 904
85 494
85 648
85 878
95 33
95 258
95 492
95 719
342 62
342 170
342 198
342 229
342 259
342 492
342 368
342 370
342 373
342 525
342 654
342 656
342 786
561 60
561 534
561 647
602 63
602 87
602 492
602 766
602 738
602 778
625 43
625 52
625 139
625 179
625 186
625 242
625 265
625 275
625 299
625 325
625 339
625 413
625 483
625 485
625 512
625 515
625 580
625 851
625 742
625 855
625 785
625 793
655 875
664 1016
664 62
664 104
664 227
664 421
664 425
664 791
739 1019
739 48
739 52
739 120
739 480
739 575
739 766
875 0
875 25
875 203
875 266
875 278
875 366
875 421
875 423
875 453
875 757
875 814
875 817
875 843
875 883
875 907
62 949
62 987
62 827
62 198
62 192
62 589
62 339
62 606
62 740
62 370
62 687
62 889
62 388
62 520
62 654
62 656
62 786
62 676
62 170
234 826
234 700
234 423
234 497
234 311
234 629
234 283
234 687
278 580
278 341
287 6
287 49
287 163
287 380
287 802
287 580
287 693
287 306
291 945
291 115
291 604
291 766
291 687
291 696
483 641
674 989
674 336
791 481
791 758
941 776
776 37
776 354
776 656
776 677
942 578
942 604
578 368
578 432
578 549
578 862
578 758
604 279
604 480
604 533
604 839
815 1019
815 57
815 247
815 311
815 352
815 676
815 909
944 60
60 32
60 702
60 82
60 182
945 354
945 424
945 770
945 799
945 802
945 821
945 881
354 37
354 104
354 256
354 288
354 292
354 351
354 575
354 881
354 802
354 909
424 33
424 52
424 292
424 898
424 840
424 909
770 63
770 130
770 351
770 435
770 468
770 569
770 592
770 818
770 881
799 993
799 204
799 802
799 881
799 818
802 63
802 80
802 125
802 204
802 218
802 285
802 289
802 344
802 525
802 638
802 662
802 766
802 881
802 818
881 975
881 120
881 204
881 324
881 691
881 818
881 823
125 17
125 192
125 840
125 214
125 909
125 627
125 434
137 136
137 393
137 220
161 346
161 283
194 740
198 114
198 132
198 839
198 537
198 262
198 758
198 505
198 898
198 822
281 150
281 241
316 80
316 166
316 858
316 677
316 716
316 402
316 344
346 33
346 51
346 52
346 53
346 242
346 283
346 719
346 727
346 351
346 627
346 501
398 618
410 6
410 359
410 361
410 784
410 853
548 3
548 299
548 550
548 811
550 988
550 258
550 623
553 402
553 691
585 335
627 51
627 64
627 416
627 501
627 623
641 751
641 662
670 824
687 32
687 162
687 214
687 907
687 871
693 949
693 295
693 860
693 719
719 985
719 20
719 63
719 289
719 311
719 312
719 341
719 362
719 384
719 400
719 413
719 423
719 429
719 447
719 473
719 500
719 512
719 564
719 626
719 648
719 653
719 696
719 716
719 851
719 872
719 840
840 104
840 139
840 253
840 256
840 339
988 64
949 33
949 173
949 259
949 301
949 329
949 336
949 512
949 576
949 598
949 686
949 830
33 732
173 6
173 580
173 336
259 954
259 124
259 140
259 256
259 698
259 700
259 339
259 723
259 852
259 726
259 351
259 489
259 855
259 580
259 270
259 656
259 542
259 544
259 814
259 566
259 442
259 697
301 525
329 909
336 1014
336 1019
336 6
336 63
336 117
336 271
336 575
336 651
336 344
336 860
336 735
336 512
336 895
336 771
336 543
336 415
336 672
336 908
512 426
576 104
576 366
576 492
576 605
576 837
576 886
598 270
598 351
598 910
830 321
52 6
52 17
52 51
52 340
52 242
52 643
52 265
52 685
52 53
155 778
155 466
155 580
155 766
421 1009
421 1016
421 1017
421 1019
421 25
421 63
421 163
421 164
421 196
421 228
421 325
421 680
421 611
421 543
421 443
637 993
637 102
637 241
637 480
637 732
637 855
713 283
713 580
716 962
716 985
716 1017
716 54
716 63
716 166
716 172
716 251
716 312
716 315
716 436
716 442
716 485
716 535
716 653
716 851
716 738
716 778
975 214
975 580
975 650
975 778
975 785
985 166
985 335
985 436
985 694
952 20
952 218
952 684
952 872
20 4
20 580
20 87
20 139
20 910
218 80
218 214
218 216
218 217
218 827
218 589
218 492
218 241
218 630
218 656
218 443
684 593
872 989
872 63
872 204
872 214
872 228
872 639
872 709
953 370
370 214
370 827
370 376
370 601
954 64
954 258
954 558
954 605
64 549
64 647
64 265
64 878
258 217
258 256
258 704
258 700
258 339
258 723
258 726
258 351
258 864
258 855
258 698
258 375
258 528
258 529
258 544
258 549
258 814
258 315
558 214
558 381
558 499
558 519
605 150
605 368
605 833
605 909
605 823
154 691
154 236
414 312
414 866
414 740
414 423
414 542
414 748
414 691
414 827
414 696
583 104
583 120
583 164
583 177
583 203
583 339
583 499
583 515
583 525
583 529
583 541
583 698
583 676
583 725
583 862
583 691
956 3
956 87
956 271
956 510
956 795
956 827
3 129
3 416
3 323
3 104
3 510
87 130
87 268
87 142
87 335
87 432
87 909
87 662
87 569
271 135
271 186
271 351
271 740
271 742
271 494
271 373
271 501
271 898
271 299
510 257
510 298
827 993
827 177
827 215
827 549
827 762
827 909
827 913
864 996
864 214
864 351
864 544
864 758
1017 214
1017 388
1017 513
1017 657
1017 1019
959 158
158 150
158 253
158 666
960 593
276 255
276 275
898 967
898 991
898 105
898 416
898 430
898 457
898 608
898 683
898 759
898 903
964 520
520 152
520 889
520 740
520 656
11 108
30 70
30 778
30 434
30 626
195 909
195 691
264 429
299 108
299 186
299 704
299 595
299 608
299 620
299 416
299 417
299 430
351 976
351 987
351 72
351 109
351 115
351 117
351 145
351 179
351 250
351 255
351 289
351 701
351 847
351 909
351 470
351 894
351 622
351 698
351 518
351 649
351 779
351 352
351 691
351 735
351 423
351 554
351 816
351 676
351 819
351 823
352 109
352 214
352 887
352 894
352 525
352 423
416 993
416 311
416 323
416 726
416 595
416 608
416 742
416 704
416 620
416 519
416 626
416 569
416 810
416 436
416 691
422 233
422 243
422 395
422 704
422 589
595 1007
595 214
595 312
595 608
595 704
595 620
595 649
608 201
608 481
608 704
608 738
608 620
620 993
620 34
620 704
620 878
620 690
690 704
704 34
704 525
704 709
704 808
704 878
729 99
729 241
729 298
729 341
729 426
729 818
758 969
758 1014
758 46
758 109
758 229
758 285
758 511
758 863
758 901
862 122
862 203
862 395
862 569
862 662
878 34
878 127
878 196
878 204
878 253
878 306
878 397
878 438
878 494
878 534
878 647
878 691
878 745
108 735
108 115
108 656
108 341
108 185
108 473
108 347
108 680
133 478
133 404
133 405
133 406
133 523
186 4
186 104
186 164
186 335
186 417
298 1019
298 124
298 130
298 892
298 341
298 909
298 425
478 404
478 405
478 406
478 523
967 139
967 636
139 326
139 549
139 430
139 432
636 677
968 211
211 23
211 738
211 529
969 25
25 322
25 325
25 359
970 142
970 751
970 995
142 895
142 295
142 839
751 978
751 32
751 177
751 528
751 749
995 650
214 993
214 1019
214 68
214 72
214 192
214 204
214 709
214 492
214 480
214 886
214 892
214 901
214 649
214 669
214 676
214 748
649 105
649 181
649 244
649 373
649 471
649 480
649 492
649 499
649 507
649 560
649 629
649 630
649 851
649 886
649 709
649 788
649 669
649 806
580 6
580 94
580 192
580 241
580 256
580 501
580 647
650 177
650 380
650 396
650 443
650 623
650 640
650 702
650 754
650 785
778 494
778 685
778 856
785 149
785 439
976 48
976 873
48 543
48 805
48 490
48 241
48 341
873 156
873 241
873 341
873 425
873 543
873 852
977 575
575 997
575 1012
575 7
575 99
575 132
575 184
575 221
575 400
575 507
575 701
575 847
575 731
575 732
575 759
575 738
978 177
978 363
177 176
177 381
177 691
177 750
177 814
177 752
177 435
177 220
363 208
979 423
423 54
423 55
423 903
740 426
740 462
740 490
740 500
740 618
740 844
740 889
740 777
740 819
34 371
246 76
246 97
246 164
246 233
246 833
246 544
246 600
554 179
554 289
554 327
554 365
700 256
378 998
378 210
378 607
378 613
378 680
378 659
378 438
384 361
384 648
384 784
549 122
549 492
549 501
549 647
793 909
887 5
887 94
887 172
1019 1016
1019 7
1019 37
1019 105
1019 163
1019 388
1019 436
1019 489
1019 513
1019 542
1019 657
1019 685
6 1015
6 426
6 727
6 492
6 759
6 507
6 132
6 396
6 400
6 23
6 170
6 53
80 32
80 564
80 217
101 436
101 691
166 54
166 858
166 167
166 486
166 500
166 564
166 439
166 677
292 114
292 204
292 215
292 268
292 589
292 596
292 365
292 407
292 434
525 63
525 135
525 407
525 508
525 855
525 582
564 167
564 486
564 858
564 677
677 402
677 559
837 104
837 886
851 1016
851 315
436 736
987 135
987 199
987 322
135 227
135 909
135 306
199 909
322 592
322 531
989 105
989 263
989 300
989 839
989 892
105 847
105 685
300 150
300 762
300 319
300 847
839 115
839 289
839 533
839 582
892 160
892 698
990 233
233 72
233 124
233 152
233 766
991 703
991 715
42 745
492 37
492 170
492 203
492 241
492 288
492 325
492 388
492 463
492 480
492 714
492 606
993 129
993 285
993 323
993 325
993 497
993 603
993 683
993 800
993 894
993 998
129 323
129 800
129 497
129 465
285 388
323 800
323 497
325 394
497 800
683 348
894 544
998 725
994 120
994 190
120 100
120 541
120 465
120 339
120 515
120 639
120 643
120 907
120 529
120 808
120 814
190 889
190 702
190 804
190 697
997 394
725 89
725 453
725 509
260 1014
260 150
260 184
601 367
601 638
601 659
494 788
543 241
543 341
543 366
543 425
543 857
1007 97
1007 197
1007 823
1007 833
452 37
452 438
452 909
909 63
909 130
909 185
909 196
909 257
909 288
909 408
909 443
909 458
909 518
909 546
1004 592
1004 804
804 32
804 147
804 496
804 657
804 697
804 702
97 544
97 833
97 136
97 488
97 559
97 823
97 379
197 118
823 463
823 833
833 1020
833 488
833 544
63 480
100 270
100 723
203 50
203 465
203 753
203 541
203 814
265 742
289 32
289 164
289 544
339 27
339 37
339 306
339 709
339 723
339 639
339 515
339 392
339 541
339 542
339 814
375 903
417 4
465 118
465 147
465 250
465 697
465 702
528 832
528 749
528 750
528 697
529 515
639 376
639 808
643 253
643 432
643 515
643 619
643 814
814 392
814 515
814 535
814 541
814 808
43 1014
43 377
43 270
43 400
43 709
192 396
533 771
541 221
541 341
541 357
541 515
771 671
771 709
771 745
811 562
1012 117
179 738
327 328
327 559
328 270
328 691
328 697
535 255
535 635
1015 361
361 115
361 855
388 857
388 430
1018 324
1018 559
324 89
324 239
324 559
559 217
37 470
37 630
37 406
163 32
163 738
489 910
542 104
0 544
0 903
0 843
0 399
544 348
544 399
544 448
544 903
544 843
903 399
903 843
843 860
104 635
104 886
104 152
104 809
4 647
4 847
647 250
647 671
647 742
647 668
847 49
847 68
847 99
847 171
847 253
847 393
5 70
5 623
5 94
70 623
623 134
623 626
94 172
426 288
426 546
759 174
759 262
759 413
759 787
396 53
396 284
396 653
396 788
400 481
23 13
23 295
23 435
23 262
170 606
170 480
53 51
53 340
480 181
480 204
480 215
480 241
480 266
480 425
480 732
480 606
480 766
480 691
49 732
49 495
122 268
122 662
72 910
72 149
697 99
697 147
697 159
697 164
697 496
697 547
697 702
697 753
697 698
697 708
613 438
392 150
392 228
270 204
270 256
270 442
270 443
275 185
150 113
150 250
150 701
150 907
150 247
13 402
402 67
402 854
368 99
368 257
368 589
702 32
702 99
702 245
738 24
738 160
738 863
164 698
164 506
103 910
103 118
732 102
910 107
910 509
910 600
808 907
262 787
359 149
359 227
359 855
26 341
341 124
341 241
341 724
341 852
341 425
434 215
434 589
698 208
698 367
74 737
227 50
245 225
245 806
245 439
901 160
32 806
32 225
32 749
32 244
32 518
32 284
32 439
312 675
312 886
439 167
439 486
749 376
749 425
749 750
749 752
518 442
371 816
742 340
742 863
742 762
691 115
691 162
691 651
256 487
256 656
56 744
470 255
470 724
406 404
406 405
406 523
51 442
723 50
515 619
167 486
745 523
709 243
709 372
481 817
747 217
907 235
907 762
907 863
907 908
247 511
908 235
365 255
253 152
253 184
253 241
253 449
241 156
241 181
241 366
241 500
241 266
241 659
241 425
50 208
50 506
57 860
860 68
860 152
860 438
860 761
82 606
182 347
404 523
404 405
589 171
589 215
589 229
654 229
654 508
654 714
656 221
676 293
67 486
486 447
68 160
724 777
395 109
784 855
671 852
156 487
156 366
288 130
648 290
109 319
204 818
432 257
432 326
819 645
376 566
500 255
569 350
569 662
130 408
511 448
407 215
425 857
425 547
562 460
635 534
473 822
413 787
413 443
438 789
566 444
457 678
405 523
696 266
250 796
250 629
487 663
487 631
366 663
366 631
162 688
165 266
752 835
476 449
537 822
714 333
228 787
235 854
239 504
255 689
788 445
607 374
913 899
913 900
345 409
817 332
850 824
348 350
547 448
374 471
403 499
441 645
