1
6
7
8
10
11
16
18
19
29
37
45
46
50
52
57
58
60
61
64
65
67
68
69
70
71
78
82
83
86
91
93
94
96
97
98
99
100
101
103
105
106
109
113
122
123
124
125
126
128
134
137
143
144
145
147
148
149
158
162
163
165
169
172
175
176
177
182
185
187
188
189
191
193
196
199
200
202
206
207
208
209
210
211
212
213
218
219
224
227
229
232
234
236
237
238
239
240
243
246
248
249
255
257
258
259
260
263
267
269
272
273
276
279
280
281
285
287
288
290
297
298
299
300
302
310
315
316
317
319
321
327
328
329
330
333
336
340
342
345
347
351
354
355
356
358
360
362
363
364
365
366
368
370
373
374
376
379
380
381
382
383
384
389
393
396
402
404
408
409
412
413
414
415
418
424
429
433
438
445
446
449
450
451
452
453
456
459
460
463
465
467
469
476
479
480
481
482
483
485
486
489
491
495
496
500
501
502
503
504
508
510
511
512
514
515
516
517
520
521
522
523
524
525
529
531
534
541
549
552
553
554
555
556
557
561
562
566
571
574
575
577
581
588
589
590
591
592
593
597
598
599
600
603
606
614
616
618
621
622
624
626
629
631
633
635
637
638
641
643
644
648
652
660
667
669
670
676
677
678
680
684
685
689
691
693
699
703
704
706
707
708
710
712
717
718
719
722
723
724
725
729
730
733
734
736
737
738
739
754
756
757
758
759
760
761
762
763
764
765
766
767
771
780
783
785
789
790
791
792
793
794
795
798
800
805
807
809
810
811
813
816
818
821
825
827
830
833
835
842
843
846
847
848
849
850
851
853
855
863
864
866
867
868
875
879
881
882
883
884
886
889
892
896
897
903
911
912
913
915
916
917
919
921
923
924
925
926
927
928
932
935
937
939
940
941
944
945
947
948
954
956
957
961
964
969
971
975
977
980
981
990
993
996
1000
1001
1004
1006
1007
1008
1009
1010
1014
1020
1021
1023
1026
1028
1029
1032
1036
1037
1038
1040
1044
1045
1047
1048
1051
1052
1054
1063
1064
1067
1073
1075
1078
1082
1086
1087
1088
1089
1095
1102
1103
1104
1107
1115
1119
1120
1121
1122
1123
1124
1125
1126
1130
1133
1136
1137
1141
1154
1160
1164
1165
1168
1170
1179
1181
1184
1185
1186
1191
1198
1203
1205
1206
1207
1208
1210
1213
1214
1216
1218
1224
1225
1226
1228
1231
1232
1234
1235
1238
1241
1242
1247
1248
1249
1256
1261
1268
1269
1270
1272
1274
1279
1280
1282
1284
1286
1288
1293
1294
1296
1299
1300
1301
1304
1311
1312
1313
1314
1320
1321
1322
1323
1324
1328
1330
1331
1332
1333
1335
1337
1339
1344
1345
1347
1348
1349
1350
1351
1353
1355
1360
1361
1362
1363
1364
1368
1371
1378
1382
1383
1384
1387
1390
1392
1395
1397
1398
1401
1405
1406
1407
1408
1411
1415
1419
1422
1423
1429
1431
1432
1435
1438
1439
1440
1441
1444
1446
1447
1449
1450
1451
1456
1457
1460
1463
1464
1466
1470
1472
1473
1474
1475
1476
1477
1480
1484
1485
1487
1489
1490
1495
1497
1498
1501
1502
1503
1504
1505
1509
1514
1515
1525
1529
1532
1534
1535
1538
1542
1545
1548
1549
1550
1551
1552
1553
1554
1558
1559
1560
1563
1566
1570
1571
1578
1579
1580
1587
1592
1595
1597
1605
1609
1613
1615
1616
1618
1621
1624
1631
1632
1634
1635
1637
1638
1643
1645
1647
1648
1649
1652
1655
1656
1657
1658
1659
1668
1670
1671
1672
1673
1675
1677
1678
1684
1686
1687
1689
1692
1693
1696
1697
1699
1704
1705
1706
1708
1712
1714
1715
1718
1721
1727
1732
1742
1743
1746
1754
1757
1758
1759
1761
1762
1772
1776
1777
1783
1784
1785
1787
1790
1793
1795
1796
1802
1806
1807
1808
1812
1820
1822
1823
1824
1826
1830
1832
1833
1834
1840
1841
1843
1844
1846
1847
1851
1869
1872
1874
