0 587
587 232
1 140
1 173
1 304
1 23
1 150
1 94
1 412
1 192
1 164
1 417
1 10
140 10
140 23
140 29
140 63
140 81
140 104
140 127
140 134
140 537
140 584
140 461
140 211
140 469
140 479
140 356
140 235
140 238
140 501
140 186
140 382
140 379
140 257
140 516
140 150
140 529
140 158
140 159
140 412
140 207
140 164
140 418
140 364
140 423
140 549
140 173
140 304
140 434
140 435
140 182
140 563
140 315
140 320
140 321
173 4
173 10
173 21
173 23
173 25
173 29
173 34
173 39
173 41
173 49
173 63
173 69
173 73
173 74
173 81
173 84
173 94
173 104
173 127
173 130
173 134
173 136
173 141
173 150
173 156
173 158
173 159
173 164
173 168
173 169
173 172
173 434
173 416
173 457
173 332
173 334
173 461
173 465
173 346
173 349
173 476
173 352
173 482
173 583
173 232
173 235
173 584
173 238
173 367
173 418
173 369
173 292
173 503
173 381
173 379
173 257
173 511
173 380
173 516
173 339
173 398
173 186
173 549
173 529
173 378
173 412
173 509
173 419
173 323
173 548
173 400
173 285
173 512
173 306
173 180
173 531
173 182
173 537
173 187
173 451
173 304
173 382
304 57
304 63
304 83
304 109
304 127
304 131
304 134
304 150
304 172
304 186
304 232
304 457
304 584
304 434
304 465
304 340
304 341
304 352
304 482
304 366
304 371
304 381
304 382
304 524
304 529
304 378
304 537
304 509
304 548
304 379
304 563
304 321
23 18
23 19
23 453
23 455
23 456
23 331
23 458
23 333
23 335
23 434
23 590
23 88
23 89
23 342
23 91
23 469
23 94
23 219
23 348
23 261
23 223
23 352
23 101
23 226
23 228
23 107
23 108
23 40
23 364
23 351
23 238
23 367
23 493
23 495
23 472
23 502
23 503
23 252
23 504
23 387
23 389
23 380
23 139
23 265
23 146
23 524
23 25
23 172
23 278
23 156
23 283
23 537
23 69
23 288
23 39
23 153
23 41
23 306
23 549
23 300
23 302
23 555
23 177
23 432
23 433
23 412
23 436
23 311
23 187
23 443
23 189
23 368
23 571
23 448
23 557
23 73
23 452
150 10
150 24
150 29
150 53
150 81
150 94
150 580
150 584
150 335
150 434
150 459
150 469
150 349
150 352
150 482
150 359
150 232
150 367
150 501
150 379
150 382
150 385
150 398
150 461
150 172
150 529
150 278
150 283
150 537
150 509
150 164
150 417
150 419
150 423
150 549
150 180
150 182
150 563
150 186
150 443
150 322
94 10
94 69
94 179
94 542
94 207
94 99
94 233
94 362
94 369
94 461
94 512
94 136
94 402
94 164
94 417
94 558
94 185
94 446
94 575
412 29
412 47
412 89
412 96
412 108
412 155
412 172
412 207
412 219
412 223
412 238
412 251
412 252
412 283
412 286
412 331
412 343
412 352
412 380
412 387
412 389
412 404
412 443
412 452
164 10
164 332
164 211
164 342
164 215
164 359
164 232
164 235
164 364
164 240
164 369
164 537
164 423
164 172
164 558
164 434
164 563
164 322
417 10
417 29
417 45
417 51
417 52
417 69
417 101
417 125
417 159
417 210
417 230
417 269
417 278
417 296
417 310
417 315
417 351
417 461
417 467
417 473
417 521
417 500
417 423
417 522
417 418
417 419
417 420
417 421
10 211
10 340
10 341
10 342
10 101
10 108
10 109
10 363
10 364
10 127
10 134
10 443
10 232
10 172
10 537
10 292
10 423
10 549
10 49
10 179
10 434
10 182
10 563
10 315
10 65
10 326
2 324
2 277
2 90
324 29
324 40
324 47
324 73
324 123
324 149
324 156
324 158
324 185
324 207
324 245
324 247
324 248
324 252
324 255
324 261
324 285
324 287
324 456
324 457
324 333
324 467
324 501
324 369
324 402
324 398
324 544
324 421
324 553
324 555
324 431
324 432
324 558
324 564
324 571
324 500
277 60
277 71
277 80
277 146
277 165
277 185
277 197
277 208
277 232
277 251
277 252
277 328
277 456
277 459
277 367
277 370
277 501
277 512
277 524
277 546
277 306
277 307
277 317
90 47
90 67
90 484
90 427
90 460
90 494
90 244
90 480
3 287
287 285
287 297
287 398
287 431
287 340
287 368
4 456
4 35
4 459
4 588
4 465
4 472
4 226
4 106
4 234
4 364
4 116
4 246
4 255
4 13
4 34
4 285
4 69
4 236
4 175
4 571
4 197
456 15
456 43
456 44
456 69
456 89
456 92
456 106
456 116
456 153
456 155
456 197
456 207
456 208
456 260
456 265
456 283
456 285
456 306
456 313
456 323
456 331
456 378
456 379
456 380
456 426
456 431
456 433
456 454
456 459
456 465
456 472
456 457
456 590
456 544
456 558
456 554
456 493
456 577
35 33
35 34
35 234
35 431
35 340
35 529
459 9
459 21
459 29
459 39
459 40
459 41
459 43
459 69
459 73
459 89
459 116
459 149
459 153
459 166
459 175
459 177
459 197
459 199
459 208
459 211
459 252
459 255
459 260
459 265
459 285
459 306
459 313
459 321
459 323
459 327
459 341
459 378
459 379
459 382
459 386
459 398
459 413
459 426
459 432
459 433
459 454
459 457
459 586
459 472
459 499
459 554
459 590
459 507
459 465
459 544
459 511
459 558
459 562
459 577
588 211
588 215
588 226
588 232
588 342
588 434
588 495
588 563
465 47
465 91
465 134
465 157
465 171
465 197
465 285
465 306
465 340
465 341
465 379
465 382
465 398
465 426
465 457
472 5
472 19
472 25
472 34
472 91
472 97
472 122
472 154
472 172
472 177
472 187
472 211
472 247
472 259
472 261
472 285
472 297
472 331
472 333
472 340
472 341
472 343
472 350
472 351
472 379
472 382
472 389
472 398
472 399
472 400
472 411
472 413
472 431
472 432
472 447
472 452
472 556
472 525
472 529
472 550
472 554
472 555
472 574
226 59
226 122
226 146
226 153
226 195
226 211
226 212
226 215
226 340
226 341
226 342
226 368
226 495
226 497
226 259
226 518
226 543
226 343
226 562
106 555
106 122
106 259
106 197
234 5
234 69
234 541
234 386
234 388
364 24
364 43
364 72
364 89
364 122
364 141
364 190
364 200
364 211
364 223
364 228
364 276
364 288
364 325
364 328
364 332
364 342
364 349
364 360
364 517
364 369
364 495
364 500
364 385
364 520
364 382
364 467
364 375
116 33
116 43
116 86
116 211
116 340
116 341
116 342
116 343
116 351
116 117
116 495
116 497
116 122
116 378
116 379
116 386
116 259
116 265
116 398
116 413
116 172
116 175
116 553
116 431
116 432
116 433
116 187
246 22
246 212
246 215
246 554
246 340
246 341
255 89
255 92
255 139
255 267
255 302
255 558
255 283
255 353
13 7
13 133
13 126
13 161
13 223
13 102
34 22
34 33
34 285
34 341
34 342
34 177
34 247
34 381
34 259
34 142
34 399
34 318
34 556
34 187
34 431
34 69
34 449
285 21
285 39
285 73
285 122
285 177
285 182
285 199
285 211
285 247
285 248
285 252
285 259
285 457
285 333
285 464
285 347
285 500
285 431
285 368
285 379
285 393
285 398
285 382
285 399
285 413
285 297
285 553
285 524
285 434
285 556
285 571
69 29
69 41
69 43
69 457
69 332
69 207
69 339
69 343
69 351
69 350
69 223
69 352
69 353
69 482
69 584
69 238
69 367
69 418
69 245
69 292
69 375
69 249
69 503
69 256
69 132
69 511
69 512
69 273
69 517
69 398
69 146
69 272
69 529
69 155
69 156
69 534
69 537
69 509
69 540
69 385
69 547
69 172
69 176
69 306
69 307
69 182
69 185
69 442
69 550
69 159
236 28
236 91
236 433
236 250
236 413
175 25
175 148
175 172
175 398
175 413
175 471
175 443
175 221
175 414
571 19
571 25
571 47
571 91
571 97
571 103
571 139
571 201
571 211
571 237
571 320
571 380
571 389
571 398
571 405
571 432
571 433
571 452
571 453
571 494
571 499
571 505
571 544
571 564
571 586
571 572
197 9
197 29
197 40
197 89
197 454
197 202
197 457
197 206
197 342
197 558
197 359
197 232
197 333
197 370
197 507
197 387
197 523
197 590
197 532
197 288
197 426
197 302
197 555
197 306
197 323
5 9
5 458
5 398
5 430
5 556
5 432
5 56
5 89
5 388
5 91
5 550
5 259
5 544
5 452
9 327
9 86
9 590
9 88
9 73
9 223
9 229
9 483
9 247
9 248
9 22
9 340
9 413
9 40
9 177
9 306
9 64
9 443
9 318
458 187
458 302
458 379
458 389
458 398
458 422
458 433
458 556
458 581
458 544
398 22
398 26
398 28
398 29
398 31
398 38
398 43
398 44
398 47
398 56
398 64
398 72
398 73
398 76
398 77
398 78
398 79
398 89
398 91
398 112
398 122
398 127
398 139
398 149
398 151
398 153
398 156
398 158
398 160
398 165
398 169
398 172
398 177
398 185
398 190
398 198
398 200
398 207
398 211
398 251
398 253
398 260
398 265
398 283
398 289
398 293
398 306
398 320
398 321
398 332
398 335
398 337
398 338
398 340
398 341
398 342
398 343
398 348
398 357
398 362
398 369
398 375
398 378
398 380
398 386
398 399
398 424
398 430
398 431
398 432
398 443
398 452
398 455
398 457
398 468
398 475
398 479
398 487
398 495
398 497
398 503
398 507
398 512
398 513
398 516
398 525
398 536
398 541
398 549
398 550
398 555
398 556
398 562
398 570
398 586
398 546
398 524
398 558
430 19
430 36
430 40
430 91
430 103
430 109
430 139
430 147
430 153
430 176
430 184
430 213
430 237
430 245
430 259
430 261
430 289
430 319
430 341
430 379
430 388
430 411
430 589
430 541
430 556
430 432
430 433
430 566
430 572
430 573
556 19
556 91
556 97
556 122
556 149
556 288
556 335
556 391
556 402
556 411
556 413
556 428
556 431
556 432
556 433
556 441
556 452
556 467
556 558
556 562
556 573
432 19
432 25
432 29
432 40
432 47
432 73
432 89
432 91
432 97
432 114
432 139
432 147
432 148
432 153
432 177
432 183
432 187
432 194
432 198
432 211
432 214
432 232
432 259
432 261
432 302
432 306
432 320
432 331
432 341
432 342
432 351
432 368
432 411
432 413
432 414
432 431
432 453
432 580
432 433
432 474
432 479
432 530
432 495
432 442
432 452
432 570
432 544
432 550
432 590
432 554
432 564
432 573
432 566
432 448
56 29
56 40
56 306
56 457
56 208
56 209
56 340
56 341
56 342
56 349
56 350
56 232
56 109
56 487
56 492
56 369
56 495
56 498
56 125
56 384
56 503
56 413
56 539
56 168
56 169
56 547
56 424
56 300
56 558
56 562
56 566
56 447
56 70
56 452
89 39
89 77
89 86
89 327
89 453
89 457
89 462
89 211
89 492
89 369
89 375
89 441
89 516
89 139
89 190
89 403
89 533
89 410
89 283
89 306
89 433
89 409
89 314
89 318
89 323
89 452
388 433
91 19
91 24
91 33
91 40
91 199
91 580
91 306
91 331
91 474
91 340
91 341
91 342
91 471
91 220
91 97
91 320
91 479
91 467
91 482
91 483
91 486
91 368
91 177
91 495
91 500
91 566
91 535
91 380
91 259
91 525
91 261
91 139
91 147
91 109
91 411
91 413
91 289
91 550
91 198
91 554
91 178
91 433
91 309
91 564
91 214
91 431
91 572
91 573
91 452
550 39
550 43
550 64
550 67
550 122
550 177
550 200
550 306
550 320
550 337
550 356
550 468
550 487
550 516
259 39
259 134
259 590
259 413
259 543
259 554
259 431
259 565
259 566
259 368
259 573
259 449
544 11
544 19
544 25
544 29
544 50
544 53
544 57
544 74
544 114
544 125
544 134
544 135
544 168
544 182
544 186
544 211
544 300
544 305
544 306
544 308
544 314
544 320
544 330
544 333
544 342
544 350
544 369
544 375
544 379
544 380
544 393
544 406
544 410
544 411
544 429
544 436
544 447
544 457
544 462
544 492
544 498
544 499
544 586
544 558
544 554
544 566
544 545
544 572
452 19
452 58
452 64
452 97
452 139
452 169
452 177
452 189
452 265
452 283
452 359
452 411
452 453
452 486
452 503
452 504
452 564
6 359
6 172
6 112
6 369
6 180
6 109
6 435
6 216
6 385
6 104
6 451
6 332
359 109
359 125
359 127
359 144
359 172
359 180
359 216
359 257
359 260
359 308
359 352
359 583
359 435
359 531
359 408
359 563
359 451
172 12
172 17
172 40
172 47
172 49
172 53
172 63
172 66
172 71
172 72
172 81
172 88
172 108
172 109
172 118
172 128
172 149
172 156
172 158
172 159
172 168
172 169
172 328
172 333
172 339
172 340
172 341
172 342
172 352
172 360
172 584
172 367
172 369
172 375
172 379
172 381
172 382
172 402
172 416
172 418
172 422
172 423
172 434
172 437
172 441
172 447
172 467
172 476
172 486
172 488
172 492
172 494
172 495
172 511
172 529
172 537
172 545
172 547
172 549
172 554
172 558
172 563
172 564
172 567
172 180
172 182
172 185
172 186
172 211
172 232
172 235
172 238
172 566
172 257
172 278
172 282
172 288
172 300
172 305
172 319
172 320
172 321
172 323
369 12
369 20
369 28
369 40
369 57
369 63
369 86
369 127
369 128
369 136
369 149
369 168
369 169
369 179
369 208
369 211
369 232
369 283
369 300
369 323
369 333
369 343
369 358
369 478
369 402
369 492
369 375
369 391
369 518
369 409
369 548
369 390
180 232
180 332
180 435
180 563
180 418
180 575
180 326
109 19
109 25
109 28
109 29
109 101
109 103
109 433
109 332
109 341
109 476
109 352
109 232
109 492
109 501
109 385
109 390
109 139
109 549
109 529
109 158
109 419
109 563
109 566
109 187
109 575
435 216
435 232
435 332
435 348
435 385
216 232
216 433
216 563
216 385
385 29
385 58
385 114
385 127
385 134
385 144
385 186
385 207
385 218
385 288
385 312
385 326
385 332
385 336
385 363
385 374
385 377
385 379
385 382
385 540
385 560
385 503
385 518
385 519
385 529
385 421
385 422
385 434
385 563
385 567
104 295
104 125
104 351
104 134
104 420
451 77
451 118
451 168
451 222
451 306
451 311
451 338
451 357
451 409
451 464
451 517
451 562
332 19
332 25
332 29
332 58
332 80
332 99
332 123
332 127
332 134
332 168
332 169
332 179
332 208
332 224
332 232
332 300
332 322
332 434
332 589
332 590
332 346
332 495
332 518
332 519
332 342
332 441
332 567
7 239
7 232
239 237
239 331
239 405
232 8
232 29
232 47
232 49
232 63
232 65
232 67
232 70
232 118
232 122
232 127
232 129
232 131
232 137
232 149
232 154
232 161
232 178
232 182
232 186
232 206
232 207
232 208
232 211
232 341
232 352
232 366
232 375
232 380
232 390
232 402
232 403
232 416
232 429
232 431
232 434
232 437
232 441
232 446
232 461
232 464
232 467
232 468
232 469
232 476
232 479
232 482
232 493
232 495
232 512
232 516
232 529
232 530
232 531
232 532
232 535
232 537
232 541
232 542
232 547
232 548
232 558
232 562
232 563
232 566
232 583
232 584
232 235
232 257
232 260
232 273
232 278
232 279
232 283
232 301
232 315
232 320
232 321
8 549
8 527
8 529
8 563
8 256
8 193
8 132
549 39
549 122
549 179
549 223
549 272
549 341
549 355
549 367
549 413
549 449
549 492
549 500
549 548
549 586
549 553
527 132
527 193
527 254
527 256
527 525
527 529
527 566
529 29
529 49
529 63
529 127
529 132
529 156
529 182
529 193
529 256
529 329
529 352
529 380
529 389
529 434
529 469
529 482
529 490
529 537
529 584
529 583
529 532
529 563
529 564
563 63
563 125
563 130
563 144
563 182
563 235
563 257
563 282
563 308
563 321
563 323
563 340
563 434
563 461
563 469
563 476
563 558
256 61
256 132
256 146
256 158
256 159
256 179
256 193
256 205
256 271
256 491
256 340
256 341
193 132
193 516
327 24
327 73
327 157
327 320
327 548
327 457
327 524
86 47
86 328
86 495
86 211
86 340
86 341
86 342
86 343
86 564
86 497
86 375
86 382
86 420
590 19
590 22
590 24
590 47
590 70
590 73
590 92
590 122
590 169
590 223
590 228
590 229
590 261
590 292
590 303
590 320
590 341
590 357
590 399
590 434
590 578
590 586
590 589
88 17
88 152
88 498
88 220
88 168
88 169
73 328
73 580
73 584
73 586
73 340
73 341
73 333
73 122
73 379
73 127
73 400
73 260
73 380
73 524
73 507
73 413
73 134
73 443
73 448
223 19
223 29
223 43
223 102
223 134
223 155
223 188
223 461
223 589
223 228
223 238
223 495
223 389
223 434
229 589
229 473
229 566
483 29
483 207
483 383
483 566
247 22
247 77
247 85
247 433
247 372
247 341
247 379
247 413
247 543
248 22
248 33
248 77
248 211
248 579
248 543
22 297
22 586
22 177
22 340
22 341
22 92
22 448
340 49
340 63
340 68
340 71
340 87
340 108
340 123
340 158
340 159
340 168
340 169
340 182
340 211
340 215
340 292
340 299
340 307
340 433
340 537
340 341
340 342
340 348
340 351
340 482
340 492
340 494
340 498
340 379
340 382
340 386
340 548
340 399
340 402
340 410
340 413
340 543
340 499
340 554
340 555
340 568
340 447
340 575
413 12
413 29
413 40
413 85
413 117
413 122
413 129
413 156
413 169
413 177
413 211
413 251
413 300
413 305
413 320
413 341
413 342
413 351
413 368
413 370
413 378
413 379
413 380
413 382
413 447
413 495
413 500
413 431
413 498
413 468
413 433
413 553
413 554
413 555
413 448
413 574
40 11
40 455
40 306
40 584
40 460
40 462
40 471
40 363
40 139
40 410
40 283
40 433
40 57
40 176
40 320
177 47
177 80
177 125
177 134
177 170
177 199
177 201
177 202
177 457
177 471
177 352
177 524
177 261
177 519
177 402
177 548
177 300
177 302
177 555
177 554
177 568
306 19
306 39
306 53
306 58
306 74
306 134
306 135
306 155
306 158
306 168
306 169
306 186
306 199
306 207
306 208
306 253
306 288
306 300
306 454
306 457
306 460
306 431
306 375
306 314
306 380
306 462
306 519
306 410
306 537
306 426
306 436
64 53
64 57
64 516
64 300
64 434
64 186
443 24
443 28
443 77
443 146
443 149
443 155
443 208
443 288
443 409
443 421
443 424
443 434
443 437
443 441
443 467
443 475
443 488
443 499
443 545
443 512
443 558
443 533
318 47
318 297
318 463
318 539
211 19
211 29
211 60
211 68
211 77
211 87
211 122
211 159
211 169
211 454
211 331
211 537
211 584
211 447
211 586
211 467
211 220
211 351
211 457
211 499
211 480
211 464
211 492
211 495
211 498
211 500
211 582
211 379
211 380
211 382
211 292
211 421
211 390
211 518
211 414
211 342
211 420
211 547
211 553
211 554
211 314
211 213
211 341
211 494
211 466
341 39
341 43
341 49
341 63
341 68
341 71
341 122
341 158
341 159
341 168
341 169
341 179
341 186
341 206
341 215
341 292
341 307
341 308
341 580
341 582
341 584
341 466
341 342
341 476
341 348
341 351
341 482
341 492
341 494
341 498
341 379
341 381
341 386
341 518
341 423
341 523
341 548
341 547
341 433
341 499
341 554
341 555
341 447
341 575
342 47
342 58
342 60
342 66
342 87
342 100
342 122
342 156
342 186
342 190
342 199
342 215
342 300
342 302
342 305
342 314
342 320
342 454
342 582
342 584
342 539
342 349
342 351
342 466
342 492
342 495
342 498
342 379
342 390
342 516
342 464
342 548
342 405
342 447
342 414
342 547
342 434
342 554
342 367
101 146
101 338
101 367
101 566
101 352
101 418
108 51
108 107
108 133
108 426
108 352
108 415
108 386
108 482
363 233
363 362
363 455
363 404
363 375
363 378
363 444
363 382
127 63
127 122
127 328
127 584
127 434
127 537
127 353
127 467
134 11
134 12
134 19
134 25
134 32
134 44
134 50
134 57
134 74
134 114
134 130
134 199
134 328
134 330
134 188
134 586
134 462
134 492
134 350
134 182
134 230
134 362
134 367
134 370
134 498
134 499
134 314
134 379
134 252
134 253
134 169
134 139
134 519
134 401
134 274
134 407
134 409
134 228
134 165
134 418
134 257
134 168
134 171
134 300
134 558
134 176
134 512
134 308
134 436
134 135
134 564
134 185
134 186
134 514
134 320
134 198
537 49
537 57
537 58
537 63
537 131
537 186
537 235
537 257
537 278
537 321
537 352
537 366
537 379
537 381
537 382
537 434
537 469
537 476
537 482
537 492
537 531
537 584
292 159
292 186
292 533
423 12
423 20
423 51
423 145
423 240
423 278
423 310
423 386
423 419
423 473
49 24
49 584
49 434
49 63
49 476
49 482
179 77
179 80
179 523
179 526
179 496
179 319
434 19
434 25
434 29
434 57
434 63
434 122
434 181
434 182
434 186
434 206
434 235
434 257
434 258
434 278
434 297
434 321
434 352
434 366
434 367
434 379
434 457
434 584
434 461
434 437
434 482
434 583
434 516
434 566
434 562
434 491
434 439
182 63
182 71
182 114
182 130
182 141
182 156
182 330
182 584
182 352
182 367
182 186
182 379
182 382
182 257
182 258
182 514
182 396
182 397
182 323
315 51
315 158
315 310
315 584
315 353
65 533
326 253
326 257
326 288
326 518
326 519
11 265
11 457
11 300
11 462
11 442
11 380
11 253
11 524
265 553
265 554
265 380
265 514
457 74
457 92
457 168
457 169
457 323
457 370
457 375
457 382
457 426
457 431
457 454
457 462
457 482
457 511
457 558
300 29
300 53
300 57
300 74
300 79
300 80
300 93
300 135
300 139
300 141
300 163
300 171
300 186
300 199
300 217
300 243
300 253
300 335
300 462
300 555
300 308
300 344
300 395
300 355
300 495
300 503
300 504
300 380
300 384
300 531
300 519
300 548
300 409
300 539
300 547
300 558
300 436
300 442
300 514
300 323
462 135
462 146
462 186
462 253
462 314
462 380
462 495
462 586
462 498
442 21
442 135
442 148
442 314
442 350
442 382
380 47
380 60
380 72
380 84
380 102
380 121
380 123
380 155
380 156
380 158
380 204
380 283
380 299
380 314
380 338
380 351
380 362
380 375
380 379
380 433
380 584
380 467
380 495
380 441
380 581
380 554
380 515
380 519
380 524
380 382
380 424
380 547
380 548
380 553
380 558
380 559
380 562
380 573
253 27
253 53
253 70
253 97
253 263
253 350
253 368
253 375
253 420
253 524
524 29
524 126
524 158
524 188
524 201
524 212
524 215
524 274
524 321
524 328
524 334
524 335
524 362
524 367
524 418
524 422
524 424
524 427
524 441
524 448
524 503
524 512
524 586
524 531
524 558
524 562
12 45
12 328
12 558
12 111
12 268
12 367
12 402
12 530
12 375
12 473
12 351
12 542
12 169
45 51
45 119
45 278
45 473
328 41
328 158
328 168
328 297
328 425
328 400
328 375
558 47
558 53
558 77
558 128
558 139
558 149
558 154
558 161
558 168
558 169
558 176
558 186
558 207
558 208
558 215
558 283
558 323
558 343
558 357
558 370
558 375
558 467
558 497
558 503
558 584
558 559
558 562
111 79
111 249
111 542
268 185
268 189
268 207
268 208
268 517
268 307
268 467
268 567
367 24
367 135
367 146
367 186
367 288
367 533
367 539
367 418
402 77
402 149
402 169
402 280
402 283
402 314
402 351
402 561
530 185
530 373
530 518
375 41
375 92
375 113
375 136
375 156
375 158
375 159
375 249
375 254
375 288
375 295
375 314
375 351
375 379
375 511
375 507
375 410
473 20
473 296
473 419
473 470
473 489
473 522
351 27
351 39
351 80
351 117
351 122
351 158
351 159
351 185
351 188
351 238
351 252
351 586
351 467
351 495
351 497
351 511
351 513
351 520
351 414
351 418
351 547
351 554
351 433
542 185
169 24
169 29
169 57
169 84
169 149
169 152
169 168
169 447
169 207
169 343
169 487
169 365
169 494
169 495
169 501
169 503
169 294
169 314
169 405
169 541
169 512
169 562
169 566
169 320
133 460
126 366
161 46
161 467
102 200
102 471
102 123
102 441
102 379
102 507
102 390
102 512
102 546
14 439
14 533
14 353
439 55
439 275
439 352
439 498
533 343
533 355
353 486
353 538
15 463
15 47
15 27
15 444
463 27
463 29
463 47
463 124
463 157
463 249
463 444
463 547
463 586
463 510
47 27
47 200
47 481
47 493
47 497
47 251
47 384
47 511
47 389
47 139
47 525
47 297
47 411
47 543
47 168
47 546
47 562
27 520
27 586
27 77
27 562
27 72
27 251
27 455
27 525
27 437
27 546
444 586
16 29
16 491
29 20
29 578
29 207
29 479
29 228
29 230
29 486
29 254
29 512
29 139
29 393
29 382
29 283
29 416
29 418
29 168
29 44
29 447
29 573
491 61
491 146
491 230
491 291
491 486
491 501
17 522
17 20
17 145
522 227
522 386
522 469
522 521
522 566
522 538
20 19
20 201
20 395
20 25
20 377
20 312
20 264
145 19
145 25
145 264
145 377
18 372
18 562
18 320
18 260
18 43
18 44
372 92
372 252
372 468
372 433
562 77
562 122
562 139
562 149
562 162
562 168
562 207
562 208
562 230
562 252
562 338
562 399
562 424
562 467
562 481
562 488
562 497
562 511
562 512
562 528
562 554
320 19
320 53
320 70
320 74
320 120
320 168
320 250
320 447
320 488
320 572
320 504
320 545
320 503
320 415
320 566
260 122
260 128
260 143
260 176
260 370
260 492
260 446
43 122
43 183
43 92
43 509
43 44
44 195
19 454
19 201
19 433
19 331
19 264
19 36
19 103
19 184
19 505
19 139
19 25
19 405
19 278
19 411
19 538
19 418
19 436
19 564
19 319
19 572
19 557
454 404
454 447
454 494
201 174
201 237
201 471
201 420
433 25
433 31
433 135
433 139
433 183
433 184
433 187
433 198
433 199
433 249
433 254
433 270
433 282
433 302
433 368
433 395
433 411
433 414
433 416
433 431
433 497
433 474
433 500
433 554
433 566
433 572
433 573
331 25
331 99
331 554
264 25
264 103
36 144
36 254
36 308
36 586
36 125
36 103
103 25
103 237
103 139
103 405
103 505
103 572
103 573
184 519
184 403
184 286
505 237
505 572
139 24
139 25
139 74
139 114
139 135
139 467
139 289
139 237
139 503
139 382
139 261
139 141
139 424
139 282
139 414
139 541
139 545
139 573
139 436
139 564
139 572
25 352
25 237
25 386
25 538
25 418
25 545
25 436
25 437
25 564
25 319
405 237
405 572
278 143
278 584
411 97
411 122
411 289
411 335
411 368
411 468
411 589
411 431
538 469
538 489
538 521
418 124
418 158
418 159
418 207
418 209
418 352
418 379
436 58
436 77
436 135
436 207
436 314
436 410
436 566
436 514
564 77
564 308
564 420
564 421
564 525
564 572
319 154
319 308
319 382
319 482
572 97
572 114
572 237
572 573
557 41
557 57
557 158
557 159
377 186
21 333
21 555
21 431
21 379
21 115
333 84
333 156
333 245
333 500
333 555
333 431
555 80
555 151
555 159
555 194
555 240
555 302
555 349
555 414
555 431
555 559
431 92
431 142
431 252
431 297
431 347
431 368
379 39
379 50
379 122
379 158
379 159
379 194
379 251
379 313
379 314
379 352
379 366
379 371
379 378
379 580
379 469
379 381
379 382
379 509
379 532
115 57
115 58
115 498
115 499
297 39
297 373
297 500
586 28
586 61
586 72
586 77
586 93
586 144
586 152
586 251
586 321
586 329
586 358
586 406
586 460
586 479
586 520
586 546
92 589
92 151
92 261
448 252
448 283
448 299
448 368
448 400
453 80
453 97
453 283
455 75
455 198
455 263
455 548
335 57
335 97
335 323
335 382
335 438
469 382
469 584
469 521
219 238
348 185
348 188
348 585
261 252
261 445
261 573
261 389
352 66
352 81
352 118
352 178
352 185
352 305
352 321
352 584
352 366
352 382
228 589
107 238
238 77
238 168
493 343
493 390
495 31
495 66
495 87
495 100
495 122
495 156
495 168
495 199
495 302
495 305
495 349
495 414
495 447
495 466
495 492
495 494
495 584
495 498
495 518
495 499
495 554
502 488
503 168
503 267
503 283
503 504
503 575
252 135
252 183
252 338
252 373
252 500
252 525
252 528
252 541
252 424
252 299
504 148
504 151
504 213
504 317
504 437
504 575
387 283
389 153
389 308
146 61
146 136
156 390
156 497
156 158
156 290
156 159
283 42
283 144
283 208
283 334
283 391
283 307
283 566
283 569
288 57
288 63
288 168
288 187
288 200
288 480
288 506
288 390
288 519
288 548
288 302
288 437
288 314
288 447
288 575
39 548
39 551
39 449
39 122
39 541
153 553
153 207
153 573
41 400
41 373
41 122
41 574
302 187
187 122
187 199
187 213
187 190
189 316
368 543
24 274
24 243
274 298
243 82
243 241
243 242
243 309
243 284
237 202
237 554
386 122
386 221
386 382
386 576
545 74
437 63
437 158
437 159
437 446
520 72
520 129
520 149
520 203
520 224
520 251
520 316
520 356
520 358
520 370
520 403
520 499
520 512
520 547
520 546
77 204
77 355
77 121
77 517
77 421
72 525
72 536
72 251
72 358
72 546
251 224
251 399
251 356
251 358
251 357
251 546
525 125
546 99
546 224
546 356
546 441
28 31
31 471
31 67
578 392
578 490
207 135
207 149
207 154
207 158
207 159
207 168
207 186
207 584
207 460
207 208
207 486
207 488
207 535
207 254
207 512
207 569
479 356
479 393
479 410
230 61
230 149
230 157
230 424
230 584
230 501
486 61
486 276
486 501
254 208
254 516
254 286
512 58
512 149
512 158
512 159
512 168
512 308
512 378
512 467
512 488
512 511
512 584
393 213
382 71
382 74
382 154
382 157
382 158
382 159
382 168
382 186
382 208
382 293
382 313
382 314
382 349
382 371
382 381
382 577
382 566
382 539
382 554
416 163
416 286
168 57
168 84
168 152
168 468
168 482
168 492
168 208
168 424
168 541
168 566
168 447
447 57
447 58
447 349
447 376
447 384
447 582
447 492
447 498
447 499
447 518
447 519
573 299
573 566
30 199
30 141
30 314
30 569
30 323
30 74
199 74
199 122
199 141
199 170
199 198
199 580
199 514
199 441
199 321
199 323
141 53
141 57
141 74
141 98
141 114
141 130
141 135
141 492
141 257
141 514
141 163
141 171
141 313
141 186
141 323
314 50
314 114
314 129
314 130
314 135
314 158
314 198
314 511
314 516
314 401
314 407
314 410
314 539
569 514
323 74
323 99
323 130
323 149
323 198
323 514
74 135
74 539
74 79
74 198
74 514
471 123
471 202
471 420
471 421
471 441
33 373
33 245
373 554
245 159
381 371
381 584
381 482
399 208
449 122
449 421
449 548
449 551
449 497
144 125
144 334
308 370
308 526
125 425
125 159
125 355
37 415
38 507
507 95
507 414
548 313
551 122
122 215
122 400
122 543
122 554
122 194
541 424
541 467
541 528
541 566
584 63
584 158
584 208
584 235
584 240
584 257
584 272
584 366
584 441
584 461
584 482
460 75
460 178
460 279
460 281
410 148
410 566
57 349
57 498
57 499
57 552
57 547
57 492
57 321
57 494
176 128
176 143
176 370
176 446
176 420
400 337
400 401
574 554
183 370
509 158
509 159
509 212
509 215
195 59
51 210
51 158
46 110
46 167
110 167
110 204
167 48
200 159
200 218
200 467
200 441
200 390
481 293
497 58
497 66
497 149
497 554
497 499
384 62
384 519
511 53
511 149
511 158
511 159
511 190
511 467
511 488
543 492
63 235
476 235
476 424
476 531
476 482
482 81
482 158
482 159
482 198
482 321
482 516
482 566
50 114
50 401
50 275
50 98
50 321
50 514
114 401
114 539
114 441
114 130
114 257
114 290
114 198
275 516
98 53
98 130
98 290
98 514
514 53
514 198
514 257
158 118
158 366
158 424
158 185
158 186
53 135
53 186
53 539
53 350
135 58
135 186
135 208
186 97
186 123
186 149
186 208
186 262
186 392
186 539
186 438
186 196
539 198
539 468
539 498
350 370
54 165
54 526
526 496
526 523
208 488
208 536
209 362
209 565
349 66
349 130
349 305
349 519
349 492
349 498
349 494
492 58
492 366
492 376
492 450
492 498
492 499
492 516
492 519
492 494
498 58
498 66
498 305
498 376
498 582
498 519
424 338
424 528
566 148
566 185
566 203
566 272
566 354
566 518
566 531
566 575
70 589
499 58
499 429
499 494
494 58
494 66
494 305
494 406
494 429
494 519
59 213
60 149
149 467
149 343
149 488
149 561
149 191
61 84
61 501
61 291
84 488
84 85
501 488
62 185
62 190
185 96
185 159
185 286
185 440
190 391
190 233
190 406
235 516
516 130
516 163
516 170
516 450
516 489
516 508
516 531
66 518
66 519
66 305
66 299
66 95
66 466
66 477
518 305
518 334
518 468
519 305
519 334
305 466
299 528
95 136
339 159
339 220
343 553
343 554
343 500
249 517
249 464
249 357
273 231
273 540
517 138
517 357
517 464
517 485
272 99
272 212
272 231
272 484
155 159
540 99
540 178
540 220
540 231
540 295
540 427
540 513
159 488
159 390
589 303
71 490
490 124
536 83
536 105
536 568
358 224
358 356
198 170
355 346
421 362
421 420
80 317
80 575
317 438
575 257
575 496
82 241
82 242
82 284
82 309
241 242
241 284
241 309
242 284
242 309
284 309
488 280
488 294
488 467
85 554
85 217
554 100
554 117
554 171
554 376
554 414
420 202
152 500
152 293
152 220
441 123
441 128
441 337
441 425
441 484
427 99
427 231
427 295
467 250
467 394
467 470
467 528
500 553
178 250
99 231
99 174
233 577
362 174
446 123
446 128
446 143
446 370
96 138
96 361
361 334
130 394
130 407
290 407
290 394
231 266
338 528
419 131
257 532
257 531
553 422
194 357
124 489
425 475
128 370
370 143
282 485
356 224
163 225
313 577
334 357
293 154
154 267
267 222
422 391
531 532
396 397
286 510
391 408
357 464
206 528
227 521
266 383
279 281
383 345
