3
6
7
10
11
15
16
18
19
29
37
45
47
50
52
57
58
60
61
64
67
68
71
82
86
91
93
94
96
97
98
99
103
105
106
109
111
113
116
122
123
124
125
126
127
128
131
134
137
143
144
145
147
148
149
158
162
163
165
169
172
175
176
184
185
187
188
189
193
196
200
207
208
209
210
211
212
213
218
219
224
227
229
232
234
236
237
238
239
240
244
246
248
249
255
257
258
259
260
263
267
269
272
273
277
279
281
287
288
289
290
297
298
299
300
302
315
316
317
319
321
324
327
328
330
333
335
336
340
342
345
347
351
354
355
356
358
360
362
363
364
365
366
367
368
370
373
374
376
379
380
381
382
383
384
387
389
391
393
395
396
397
402
404
407
408
409
412
413
414
415
419
424
429
433
437
438
444
445
446
447
449
450
451
452
453
456
458
459
463
465
469
475
476
479
480
481
482
483
484
485
486
489
495
496
500
502
503
504
508
511
512
514
515
516
517
520
521
522
523
524
525
531
534
535
541
549
552
553
554
555
556
561
566
567
571
574
575
577
581
588
589
590
591
593
597
598
599
600
602
606
611
614
618
621
624
626
629
631
633
635
637
638
641
643
644
652
653
660
667
669
670
673
675
676
677
680
684
685
689
691
693
699
703
704
707
708
710
711
712
713
717
719
722
723
724
725
729
730
733
734
736
737
738
739
753
754
756
757
758
759
760
761
762
763
764
765
766
767
770
771
780
783
789
790
791
792
793
794
795
798
800
807
808
809
810
811
813
818
821
825
827
830
833
834
835
842
843
846
847
849
850
853
857
861
864
866
867
875
877
879
882
883
884
886
887
889
890
892
896
897
898
903
911
912
916
917
919
921
923
924
925
926
927
928
932
935
939
940
944
945
947
948
954
956
957
959
961
962
964
971
975
976
977
980
981
990
992
993
996
999
1000
1001
1003
1004
1007
1008
1009
1010
1014
1020
1023
1026
1028
1029
1032
1036
1037
1038
1040
1044
1045
1047
1051
1052
1053
1054
1063
1064
1066
1067
1072
1073
1075
1076
1078
1080
1082
1086
1087
1088
1089
1095
1102
1103
1104
1105
1107
1108
1115
1119
1122
1123
1124
1125
1126
1127
1129
1131
1133
1136
1137
1141
1154
1160
1164
1165
1166
1170
1176
1177
1178
1179
1181
1183
1184
1185
1186
1187
1191
1193
1198
1203
1205
1206
1207
1208
1210
1213
1214
1215
1216
1218
1225
1226
1228
1231
1232
1235
1236
1238
1241
1242
1247
1248
1249
1256
1258
1261
1268
1269
1270
1273
1274
1279
1282
1284
1286
1288
1294
1296
1299
1300
1304
1308
1311
1312
1313
1320
1323
1324
1328
1330
1331
1332
1333
1335
1337
1339
1344
1345
1347
1348
1349
1350
1351
1353
1355
1360
1361
1362
1363
1368
1371
1378
1383
1384
1387
1388
1392
1395
1397
1398
1401
1405
1406
1407
1408
1410
1411
1415
1419
1422
1423
1429
1431
1432
1433
1435
1438
1439
1440
1449
1450
1451
1454
1456
1457
1460
1463
1464
1466
1470
1472
1473
1474
1475
1476
1477
1480
1481
1485
1487
1489
1493
1495
1497
1501
1502
1504
1505
1515
1525
1532
1534
1535
1538
1542
1545
1548
1549
1551
1552
1553
1554
1558
1559
1560
1563
1566
1570
1571
1573
1578
1579
1580
1587
1588
1592
1595
1597
1598
1605
1609
1610
1613
1615
1616
1621
1624
1631
1632
1634
1635
1637
1638
1643
1647
1648
1649
1652
1655
1657
1658
1659
1668
1670
1671
1672
1673
1675
1677
1678
1681
1684
1686
1687
1689
1692
1693
1696
1697
1699
1700
1704
1705
1706
1708
1712
1714
1715
1718
1721
1726
1727
1728
1732
1742
1743
1746
1747
1750
1752
1754
1758
1759
1761
1762
1772
1776
1777
1785
1787
1789
1795
1796
1802
1804
1805
1806
1807
1808
1812
1820
1822
1824
1826
1830
1832
1833
1834
1840
1841
1843
1844
1846
1847
1851
1869
1872
1874
