3
7
11
19
20
21
23
24
26
30
32
33
35
40
42
44
46
48
50
52
60
66
68
71
74
77
78
80
81
85
86
88
97
101
105
109
110
111
118
120
122
124
131
132
137
138
139
142
148
152
157
159
160
161
162
163
165
174
176
177
181
182
186
189
191
192
194
196
197
200
201
203
209
210
213
217
218
220
223
225
235
239
241
242
243
244
246
248
258
260
263
270
271
273
274
275
276
277
278
280
282
284
286
287
288
293
296
299
301
304
309
310
314
316
317
318
320
323
324
326
328
329
330
331
334
336
339
341
346
347
348
352
355
360
361
364
370
371
372
373
374
375
376
377
383
384
388
390
391
393
396
398
399
402
405
406
407
408
411
413
414
418
420
423
425
426
430
431
435
436
437
438
439
441
442
444
445
446
447
448
450
451
453
454
455
460
461
463
466
467
468
469
470
471
473
478
484
486
487
488
490
493
496
498
501
502
503
504
505
507
508
509
510
511
512
519
523
524
527
531
533
539
543
550
556
557
562
566
576
578
580
581
583
589
593
594
597
598
599
600
601
602
604
608
610
615
617
618
619
620
621
622
624
626
631
632
633
635
638
640
641
644
647
650
651
652
653
654
656
657
664
666
669
670
671
673
681
688
693
694
695
696
697
709
711
715
718
719
720
721
726
729
734
736
737
738
739
740
741
744
745
746
747
748
750
751
753
755
756
761
766
768
770
771
774
777
779
782
784
786
788
790
797
799
800
803
804
808
812
815
816
817
826
827
830
835
837
838
839
842
843
844
847
850
857
859
861
863
874
880
881
882
883
884
886
888
891
892
894
896
897
900
901
905
906
909
910
911
913
914
915
920
921
922
923
924
934
936
938
939
941
942
943
944
945
946
947
949
950
951
954
955
956
958
961
963
964
966
970
972
973
975
977
978
979
983
986
989
994
996
997
998
1001
1003
1005
1008
1011
1016
1019
1021
1023
1028
1029
1037
1038
1040
1041
1042
1043
1045
1046
1048
1052
1053
1054
1057
1060
1061
1063
1064
1065
1072
1074
1076
1077
1078
1081
1082
1083
1085
1087
1088
1090
1091
1096
1099
1104
1114
1115
1117
1118
1119
1121
1122
1127
1130
1131
1133
1134
1136
1137
1138
1139
1140
1141
1149
1151
1154
1163
1164
1167
1168
1169
1171
1175
1179
1181
1184
1188
1189
1192
1205
1211
1219
1220
1222
1226
1228
1229
1231
1233
1238
1240
1245
1246
1247
1248
1251
1255
1258
1261
1266
1267
1268
1272
1277
1278
1281
1284
1285
1288
1289
1292
1294
1295
1297
1298
1300
1302
1308
1309
1311
1312
1314
1317
1323
1324
1325
1326
1328
1332
1334
1336
1337
1338
1339
1349
1354
1355
1358
1359
1362
1363
1364
1365
1366
1369
1370
1378
1385
1387
1388
1389
1391
1395
1397
1399
1401
1403
1407
1408
1409
1410
1412
1417
1432
1433
1436
1437
1438
1444
1449
1451
1452
1454
1455
1456
1457
1458
1460
1464
1466
1475
1478
1479
1480
1482
1483
1486
1487
1489
1498
1500
1503
1504
1509
1510
1512
1515
1516
1519
1520
1521
1526
1531
1534
1548
1549
1550
1551
1556
1560
1562
1563
1567
1569
1573
1574
1575
1576
1579
1580
1582
1583
1585
1586
1587
1588
1591
1594
1597
1604
1605
1608
1610
1611
1612
1615
1616
1619
1621
1623
1624
1629
1631
1632
1633
1634
1637
1639
1647
1648
1651
1652
1653
1654
1655
1658
1663
1666
1667
1671
1673
1675
1677
1678
1679
1680
1681
1682
1686
1689
1690
1696
1700
1704
1705
1706
1709
1710
1712
1714
1721
1722
1729
1731
1733
1734
1735
1736
1737
1738
1743
1746
1748
1751
1756
1760
1762
1765
1767
1768
1769
1770
1775
1776
1777
1778
1784
1785
1786
1788
1790
1791
1796
1797
1799
1800
1802
1805
1806
1808
1809
1815
1818
1819
1820
1821
1823
1825
1826
1827
1828
1830
1834
1835
1843
1845
1847
1851
1852
1853
1855
1859
1860
1861
1862
1863
1865
1874
1876
1879
1881
1887
1890
1893
1896
1899
1900
1901
1902
1909
1911
1914
1918
1921
1924
1926
1928
1929
1930
1934
1936
1937
1938
1939
1943
1944
1947
1949
1950
1952
1953
1954
1955
1956
1963
1965
1974
1975
1979
1982
1985
1986
1987
1995
1996
1998
2002
2008
2010
2011
2012
2020
2029
2032
2036
2037
2040
2042
2043
2045
2049
2051
2053
2055
2058
2060
2067
2070
2072
2073
2074
2075
2079
2080
2083
2089
2090
2091
2094
2096
2097
2098
2100
2104
2106
2107
2108
2113
2114
2115
2116
2118
2119
2120
2122
2127
2129
2130
2131
2132
2137
2138
2139
2144
2157
2160
2161
2166
2167
2169
2179
2180
2181
2182
2185
2186
2187
2189
2190
2192
2193
2200
2203
2206
2207
2209
2217
2219
2220
2225
2227
2228
2229
2230
2237
2238
2239
2241
2242
2245
2248
2259
2260
2261
2264
2266
2267
2272
2273
2275
2276
2277
2278
2279
2280
2281
2284
2286
2289
2291
2292
2296
2297
2300
2301
2302
2305
2306
2307
2311
2322
2330
2333
