0
4
6
10
14
18
22
23
25
27
28
31
35
40
45
47
49
51
53
55
57
65
71
73
76
79
83
85
86
88
89
92
95
101
109
115
116
119
122
126
128
130
132
133
138
139
140
146
147
148
151
155
157
158
160
161
163
166
168
169
170
171
172
173
176
188
189
190
193
194
199
202
205
206
208
210
211
216
218
228
229
231
232
236
238
243
246
247
249
253
256
259
260
263
265
266
267
269
271
273
281
283
285
287
296
297
299
300
302
303
305
306
307
308
312
313
314
321
324
327
329
332
337
338
340
341
342
344
345
346
348
351
352
355
357
358
361
362
363
364
366
369
373
378
381
382
383
386
387
388
390
391
395
396
397
398
401
404
409
410
412
413
416
417
422
428
432
434
435
436
437
438
439
442
443
449
450
451
452
455
457
458
460
462
465
468
470
471
472
480
482
483
485
486
488
489
494
495
496
498
499
500
501
503
505
508
510
511
514
516
517
518
519
520
521
522
524
525
532
537
539
540
541
542
544
547
550
551
552
555
560
561
563
564
565
566
569
570
571
572
573
574
575
580
587
588
592
593
597
598
601
610
614
616
618
620
622
623
624
625
630
631
635
647
649
652
653
655
658
661
662
663
664
667
668
669
670
672
673
674
675
676
678
680
681
684
686
691
694
695
696
697
698
700
702
704
705
709
710
712
717
719
720
725
727
730
731
732
733
734
736
737
745
747
749
751
752
753
755
763
773
779
780
781
782
785
793
798
799
807
808
811
812
822
827
829
830
831
832
833
835
840
841
842
843
844
846
847
848
853
861
862
865
867
869
871
872
874
875
878
880
882
883
885
886
887
889
890
891
892
897
898
900
901
904
907
911
914
916
920
923
924
935
936
945
947
948
949
950
952
953
958
962
963
964
971
973
976
988
990
995
996
997
998
999
1001
1003
1006
1007
1012
1014
1015
1016
1018
1019
1021
1025
1026
1029
1030
1031
1032
1034
1037
1038
1044
1045
1046
1053
1060
1062
1063
1064
1065
1066
1070
1071
1072
1073
1074
1077
1078
1079
1082
1083
1084
1086
1089
1091
1092
1096
1100
1102
1103
1104
1105
1107
1108
1109
1113
1114
1118
1120
1127
1129
1130
1133
1134
1136
1138
1139
1142
1146
1151
1157
1159
1161
1163
1164
1165
1167
1168
1169
1176
1178
1181
1182
1183
1184
1186
1188
1201
1205
1207
1208
1209
1216
1219
1222
1223
1224
1227
1228
1229
1231
1233
1234
1235
1236
1237
1242
1245
1252
1262
1263
1264
1269
1271
1272
1276
1277
1280
1281
1282
1284
1287
1288
1289
1290
1291
1292
1297
1303
1306
1310
1312
1320
1321
1322
1325
1328
1332
1333
1337
1340
1343
1347
1348
1351
1353
1361
1365
1367
1368
1374
1375
1382
1383
1384
1385
1389
1393
1394
1396
1398
1400
1406
1408
1413
1414
1415
1416
1417
1422
1426
1434
1439
1440
1441
1443
1445
1450
1451
1454
1458
1462
1463
1466
1469
1471
1472
1473
1474
1477
1479
1483
1484
1486
1487
1490
1493
1495
1496
1501
1502
1503
1507
1512
1513
1515
1516
1517
1518
1519
1529
1534
1535
1538
1539
1540
1543
1544
1545
1546
1547
1548
1550
1551
1559
1563
1566
1568
1569
1570
1571
1573
1576
1579
1581
1583
1584
1586
1590
1591
1592
1593
1598
1601
1604
1605
1607
1620
1621
1624
1625
1626
1628
1634
1636
1637
1640
1642
1644
1646
1647
1648
1649
1650
1651
1652
1654
1658
1659
1661
1669
1671
1674
1675
1676
1677
1680
1681
1684
1685
1686
1688
1689
1690
1699
1701
1705
1706
1708
1716
1718
1720
1723
1724
1728
1729
1730
1735
1742
1745
1749
1751
1762
1763
1764
1771
1775
1777
1778
1785
1789
1791
1796
1797
1802
1803
1804
1805
1806
1809
1811
1812
1815
1817
1820
1823
1824
1826
1828
1830
1831
1835
1836
1839
1841
1843
1844
1851
1852
1853
1857
1860
1863
1867
1869
1870
1873
1874
1875
1876
1877
1880
1882
1885
1889
1890
1892
1893
1897
1899
1901
1902
1903
1904
1905
1906
1911
1912
1913
1915
1916
1919
1922
1923
1924
1928
1930
1932
1933
1934
1937
1938
1940
1945
1948
1949
1950
1956
1957
1961
1963
1964
1965
1966
1967
1968
1976
1984
1989
1991
1995
1998
2000
2001
2002
2003
2005
2012
2013
2014
2015
2017
2019
2021
2022
2023
2027
2028
2033
2034
2036
2037
2042
2043
2047
2048
2053
2056
2057
2058
2059
2061
2063
2064
2065
2066
2068
2073
2074
2086
2088
2091
2093
2095
2097
2100
2101
2102
2105
2106
2111
2114
2119
2124
2131
2132
2137
2139
2140
2143
2146
2147
2148
2150
2159
2162
2165
2166
2170
2172
2173
2177
2181
2182
2183
2186
2187
2188
2195
2196
2198
2202
2206
2208
2209
2211
2212
2213
2223
2225
2232
2234
2235
2240
2243
2247
2249
2250
2251
2256
2258
2261
2265
2268
2272
2274
2275
2280
2284
2294
2295
2297
2298
2300
2301
2302
2303
2307
2309
2310
2311
2312
2313
2316
2317
2318
2319
2320
2322
2326
2328
2336
2339
2341
2343
2344
2345
2348
2349
2350
2353
2355
2356
2357
2360
2362
2363
2364
2367
2370
2371
2372
2374
2378
2380
2381
2382
2389
2390
2392
2393
2394
2396
2397
2399
2400
2402
2406
2407
2410
2412
2415
2416
2418
2424
2426
2432
2443
2444
2447
2448
2449
2452
2453
2454
2456
2467
2468
2469
2470
2474
2476
2477
2480
2481
2484
2485
2498
2501
2503
2506
2515
2517
2523
2525
2526
2527
2528
2535
2536
2538
2539
2540
2542
2544
2547
2548
2550
2556
2559
2560
2561
2562
2563
2564
2565
2566
2569
2570
2571
2578
2579
2581
2582
2584
2585
2586
2587
2590
2592
2595
2598
2599
2604
2605
2608
2609
2611
2613
2614
2615
2630
2633
2641
2644
2645
