0
3
5
11
13
14
16
24
26
27
28
33
37
40
41
48
49
50
62
68
69
70
75
77
79
82
83
85
86
88
89
91
93
94
96
99
101
103
108
113
114
117
121
123
124
127
130
131
135
139
140
144
147
148
149
150
151
156
158
159
162
163
170
174
179
181
182
183
185
186
189
192
199
200
201
203
204
211
214
215
218
219
222
224
225
226
232
234
238
243
246
247
249
254
258
259
261
263
266
268
273
281
284
285
286
290
292
294
298
300
302
304
309
314
315
316
318
319
320
321
322
324
325
326
327
331
334
340
343
345
347
348
349
351
355
356
357
359
360
362
364
366
367
368
371
374
375
376
377
378
379
381
385
386
387
390
393
397
399
404
406
407
408
409
410
411
412
413
415
417
418
425
426
427
430
439
440
441
443
444
445
446
447
448
449
453
455
459
463
466
468
469
470
471
472
476
477
483
484
485
486
489
491
492
494
496
498
501
503
504
505
506
510
511
512
515
516
517
518
519
521
522
525
526
528
530
531
534
535
537
538
539
545
546
549
552
553
554
555
556
557
558
560
562
571
578
580
581
582
584
588
592
596
600
601
602
603
604
606
607
610
611
612
613
615
621
631
632
637
642
643
644
645
646
649
657
658
673
674
675
676
680
685
691
701
703
705
706
709
710
714
715
718
719
720
721
722
724
725
726
727
728
730
731
733
735
738
739
740
745
747
748
751
752
753
754
755
756
758
763
767
768
773
776
777
784
785
787
788
789
790
791
793
794
804
807
808
809
810
812
819
821
830
834
835
836
837
839
847
848
853
856
857
863
864
868
875
884
885
888
889
890
893
895
899
900
901
902
903
906
907
909
916
921
924
928
929
931
934
935
938
941
943
945
946
948
949
950
952
953
954
955
956
963
964
965
967
968
971
973
974
975
980
982
988
993
995
997
998
1006
1007
1008
1009
1017
1019
1021
1022
1023
1025
1026
1027
1030
1034
1042
1045
1047
1048
1054
1058
1062
1064
1072
1073
1075
1076
1078
1080
1081
1083
1085
1088
1089
1090
1094
1096
1097
1100
1101
1102
1104
1107
1108
1111
1114
1115
1117
1119
1120
1127
1129
1130
1139
1146
1148
1149
1150
1151
1152
1154
1155
1156
1157
1158
1160
1162
1167
1169
1173
1175
1179
1184
1185
1186
1188
1189
1190
1191
1193
1196
1200
1209
1212
1213
1215
1216
1218
1220
1224
1226
1228
1230
1233
1235
1239
1241
1243
1249
1250
1251
1261
1264
1266
1267
1268
1270
1271
1272
1273
1275
1280
1283
1285
1289
1290
1291
1293
1294
1299
1300
1303
1305
1306
1307
1310
1311
1313
1316
1318
1319
1321
1322
1327
1330
1336
1341
1349
1352
1353
1354
1355
1358
1361
1363
1366
1367
1368
1370
1372
1375
1378
1380
1381
1382
1383
1384
1385
1388
1394
1396
1398
1399
1400
1402
1405
1413
1416
1417
1419
1420
1421
1427
1428
1431
1433
1434
1437
1438
1442
1443
1444
1447
1449
1454
1460
1461
1466
1471
1475
1477
1478
1479
1483
1486
1487
1489
1490
1491
1493
1495
1501
1503
1509
1510
1511
1512
1513
1518
1522
1529
1531
1533
1537
1539
1542
1546
1547
1548
1551
1552
1553
1554
1557
1558
1560
1561
1563
1564
1567
1568
1569
1570
1572
1573
1579
1580
1581
1583
1587
1590
1594
1596
1597
1598
1605
1610
1612
1613
1615
1616
1617
1618
1619
1621
1630
1634
1635
1637
1641
1642
1646
1648
1649
1650
1651
1653
1659
1660
1666
1672
1676
1678
1681
1683
1684
1685
1687
1690
1694
1695
1697
1698
1699
1704
1705
1706
1715
1718
1719
1723
1733
1734
1737
1738
1741
1747
1749
1750
1755
1757
1758
1760
1762
1763
1764
1766
1767
1768
1769
1771
1775
1778
1781
1790
1792
1795
1796
1797
1802
1805
1806
1807
1808
1810
1820
1823
1830
1831
1832
1838
1839
1841
1843
1845
1846
1847
1849
1850
1854
1856
1857
1861
1863
1864
1865
1866
1868
1872
1874
1875
1878
1881
1886
1894
1895
1896
1897
1905
1906
1907
1909
1912
1913
1917
1918
1922
1925
1928
1930
1931
1934
1936
1937
1940
1942
1944
1945
1949
1950
1952
1955
1958
1959
1962
1963
1966
1967
1970
1971
1974
1976
1979
1980
1986
1988
1990
1991
1992
1993
1997
1998
2001
2003
2004
2010
2011
2015
2016
2017
2018
2019
2022
2028
2032
2033
2035
2036
2038
2041
2044
2046
2047
2048
2049
2050
2051
2052
2054
2057
2058
2059
2060
2061
2063
2065
2066
2070
2074
2075
2076
2079
2081
2082
2083
2085
2086
2096
2097
2098
2104
2106
2108
2110
2115
2118
2119
2124
2126
2135
2136
2141
2143
2151
2153
2154
2155
2156
2159
2164
2165
2166
2167
2168
2176
2177
2178
2180
2182
2183
2184
2187
2190
2191
2193
2196
2198
2199
2200
2204
2210
2211
2214
2215
2216
2217
2219
2223
2224
2225
2226
2228
2232
2233
2238
2246
2251
2253
2255
2257
2260
2261
2262
2264
2266
2267
2269
2272
2281
2285
2287
2292
2293
2296
2299
2302
2305
2306
2307
2309
2317
2319
2321
2325
2330
2332
2335
2336
2337
2339
2340
2341
2346
2347
2348
2349
2351
2356
2357
2359
2362
2364
2365
2366
2368
2376
2378
2383
2389
2392
2395
2398
2399
2403
2404
2405
2409
2412
2415
2416
2421
2427
2429
2430
2435
2436
2439
2451
2454
2455
2458
2459
2460
2465
2467
2468
2469
2470
2471
2474
2476
2477
2479
2482
2492
2496
2497
2498
2500
2501
2504
2506
2509
2511
2512
2515
2517
2518
2519
2524
2525
2526
2527
2528
2530
2533
2534
2535
2542
2543
2544
2546
2551
2553
2554
2556
2561
2563
2566
2568
2569
2574
2575
2576
2583
2595
2596
2600
2602
2605
2606
2607
2608
2609
2611
2621
2622
2623
2624
2627
2629
2630
2631
2634
2635
2637
2638
2646
2650
2654
2655
2666
2667
2669
2672
2673
2674
2677
2678
2679
2686
2690
2693
2695
2696
2698
2700
2703
2704
2705
2709
2711
2713
2715
2718
2719
2722
2725
2726
2728
2734
2735
2737
2739
2742
2745
2747
2748
2749
2753
2756
2758
2761
2763
2768
2769
2772
2777
2780
2781
2783
2785
2787
2797
2799
2800
2806
2809
