3
7
11
19
20
21
23
24
26
30
32
33
35
40
42
44
48
50
60
61
63
66
68
71
74
78
80
81
83
85
86
88
91
93
97
102
105
110
111
118
120
121
122
130
131
132
133
134
137
138
139
142
148
151
152
154
157
158
159
160
161
162
163
165
172
176
177
181
182
186
189
191
192
194
195
196
197
201
203
209
213
217
218
220
223
229
235
236
239
241
242
243
246
248
256
258
260
263
270
271
273
274
275
276
277
278
280
282
284
286
287
288
293
296
299
301
304
309
310
312
313
314
316
317
318
320
323
325
328
329
330
331
332
334
336
339
346
347
348
351
352
354
355
358
360
361
370
371
372
373
375
376
377
383
384
388
390
391
392
393
395
396
398
399
405
406
407
408
411
413
414
418
420
423
425
426
435
436
437
438
439
441
442
447
448
450
451
453
454
455
460
461
463
466
467
468
469
470
471
473
478
484
485
487
490
493
496
497
498
501
502
503
504
505
507
508
509
510
511
512
513
523
524
527
531
537
539
543
548
550
554
555
556
557
562
578
580
581
583
587
589
592
593
594
595
597
598
599
600
601
602
604
605
608
609
610
615
618
619
620
621
622
624
626
632
633
638
640
641
644
647
650
651
652
653
654
656
657
666
667
669
670
671
673
681
684
688
693
694
695
696
697
700
704
709
715
718
719
724
736
737
738
739
741
744
745
746
747
748
750
751
755
756
761
766
768
770
771
774
777
779
781
782
784
786
788
790
797
799
800
803
804
808
812
815
816
817
823
826
827
835
837
838
839
840
841
842
843
847
850
857
859
861
863
872
874
880
881
882
883
884
886
888
889
891
892
894
896
897
898
900
901
905
906
909
911
913
915
921
923
924
936
938
939
941
942
943
944
945
946
947
949
951
954
956
958
961
963
966
967
970
972
973
975
977
978
979
983
986
988
994
996
997
999
1000
1001
1003
1004
1005
1008
1011
1016
1019
1021
1028
1029
1037
1038
1040
1041
1042
1043
1045
1046
1048
1057
1060
1061
1063
1064
1065
1074
1076
1077
1078
1080
1081
1082
1083
1085
1087
1088
1090
1091
1093
1096
1099
1104
1114
1117
1119
1121
1122
1126
1127
1130
1131
1132
1133
1136
1137
1138
1139
1140
1141
1149
1151
1154
1163
1164
1165
1169
1175
1179
1181
1184
1188
1189
1192
1200
1203
1205
1206
1208
1211
1219
1220
1222
1226
1228
1229
1231
1238
1240
1245
1246
1247
1248
1251
1255
1258
1261
1266
1267
1268
1270
1272
1277
1278
1281
1285
1288
1289
1292
1294
1295
1297
1298
1299
1300
1302
1304
1308
1311
1312
1314
1317
1321
1323
1328
1332
1333
1334
1336
1337
1338
1339
1349
1354
1358
1359
1362
1363
1364
1365
1366
1370
1378
1382
1385
1387
1388
1389
1390
1392
1395
1399
1401
1402
1403
1407
1408
1409
1417
1420
1422
1432
1436
1437
1438
1444
1450
1451
1452
1454
1455
1456
1457
1460
1463
1464
1466
1478
1479
1480
1482
1483
1486
1487
1489
1496
1498
1500
1501
1502
1503
1504
1509
1510
1512
1515
1516
1519
1520
1521
1526
1531
1534
1549
1550
1551
1556
1562
1563
1565
1567
1569
1573
1574
1575
1577
1579
1580
1582
1583
1585
1586
1587
1588
1589
1591
1594
1597
1598
1601
1604
1605
1608
1611
1615
1619
1621
1623
1624
1629
1631
1632
1634
1637
1639
1644
1647
1648
1651
1652
1653
1654
1655
1658
1663
1666
1667
1673
1675
1677
1678
1679
1680
1681
1682
1686
1689
1690
1696
1700
1704
1705
1706
1709
1710
1712
1717
1720
1721
1722
1726
1728
1729
1731
1732
1733
1736
1737
1738
1743
1746
1748
1751
1756
1758
1762
1765
1767
1768
1769
1775
1776
1777
1778
1780
1784
1785
1786
1790
1791
1796
1797
1799
1802
1805
1806
1808
1809
1813
1815
1818
1819
1820
1821
1823
1825
1826
1827
1828
1830
1834
1835
1845
1847
1849
1851
1853
1855
1858
1859
1860
1861
1862
1863
1865
1868
1876
1881
1887
1890
1893
1896
1899
1900
1902
1906
1909
1911
1914
1918
1921
1922
1924
1925
1926
1928
1929
1930
1936
1937
1938
1939
1943
1944
1947
1948
1949
1950
1952
1954
1963
1964
1965
1972
1974
1975
1977
1979
1982
1983
1985
1986
1987
1988
1995
1998
2002
2008
2010
2011
2020
2023
2029
2032
2035
2036
2037
2040
2042
2043
2044
2045
2046
2049
2051
2052
2053
2055
2058
2060
2067
2070
2071
2072
2073
2074
2075
2080
2083
2089
2090
2091
2094
2096
2097
2098
2100
2105
2106
2107
2108
2113
2114
2115
2116
2118
2119
2120
2122
2130
2131
2138
2144
2157
2160
2161
2162
2166
2167
2169
2179
2180
2181
2182
2185
2186
2187
2190
2192
2193
2194
2203
2206
2207
2209
2217
2219
2220
2225
2227
2229
2230
2237
2238
2240
2241
2242
2245
2248
2249
2259
2260
2261
2264
2266
2267
2272
2273
2275
2276
2277
2278
2279
2280
2281
2284
2286
2289
2291
2296
2297
2300
2301
2303
2305
2306
2307
2322
2330
2333
