1021
916: 545 
545: 916 1007 1012 1018 1 52 63 124 184 189 190 208 215 291 317 383 387 388 389 464 498 510 529 577 841 588 855 602 605 739 743 873 751 766 895 774 
1007: 545 482 1001 93 273 427 90 877 1002 252 309 428 595 97 197 823 833 
1012: 545 536 841 45 126 717 575 117 
1018: 545 324 559 
1: 545 642 86 570 498 633 567 846 849 81 314 358 459 412 568 571 828 838 896 935 937 453 587 214 125 20 840 
52: 545 38 146 187 188 286 482 98 110 570 498 411 433 743 849 47 950 15 35 294 568 803 111 667 625 739 424 346 6 17 51 340 242 643 265 685 53 
63: 545 692 615 767 1008 91 588 876 282 427 477 19 92 169 516 536 682 718 775 237 557 717 36 464 602 770 802 719 336 421 716 872 525 909 480 
124: 545 282 259 298 233 341 
184: 545 575 260 253 
189: 545 146 269 482 484 721 665 305 91 178 567 282 231 516 536 594 763 294 760 801 803 937 36 959 977 117 141 150 452 580 203 589 724 217 492 368 709 519 400 
190: 545 286 252 994 889 702 804 697 
208: 545 774 831 498 363 698 50 
215: 545 615 774 282 314 577 730 848 827 292 480 434 589 407 
291: 545 98 665 86 69 47 557 599 828 940 699 464 945 115 604 766 687 696 
317: 545 286 514 721 923 84 91 222 240 313 928 981 993 1010 1013 3 25 68 72 82 102 120 155 204 229 231 232 241 252 258 282 308 314 805 332 591 850 351 352 480 865 489 515 516 644 773 775 649 606 655 792 540 628 568 806 681 428 559 845 437 761 570 
383: 545 721 774 31 86 474 846 849 81 231 297 621 828 838 937 224 111 36 318 1017 1019 23 62 101 229 323 354 580 492 388 691 
387: 545 721 
388: 545 383 774 180 474 219 231 297 36 62 1017 1019 492 285 857 430 
389: 545 756 1011 121 349 498 77 202 567 743 47 81 231 314 594 682 946 621 937 940 128 74 109 115 125 135 137 185 198 262 703 600 735 864 431 504 519 649 404 800 805 553 564 438 
464: 545 63 291 98 665 338 557 599 935 699 36 945 34 604 766 562 480 687 
498: 545 1 52 208 389 188 692 286 302 615 616 617 419 472 790 1001 925 927 930 933 940 955 957 965 980 981 993 10 18 24 32 55 70 77 114 119 123 125 141 147 201 204 224 225 233 277 280 282 285 289 297 298 314 328 331 351 352 353 354 363 412 416 424 428 432 438 440 447 450 467 577 580 581 596 601 608 620 624 641 650 652 697 698 702 704 710 719 730 745 746 759 801 804 805 821 828 848 864 865 867 870 896 906 911 633 649 549 557 
510: 545 238 282 1013 956 3 257 298 
529: 545 642 514 721 1008 364 258 583 211 120 515 
577: 545 215 498 231 314 522 764 930 1005 292 407 434 890 827 896 848 589 909 
841: 545 1012 721 774 207 588 644 433 144 273 282 477 980 928 536 682 706 718 955 985 989 1013 45 49 126 128 164 226 253 296 345 353 602 637 657 716 717 719 729 738 814 819 845 903 907 865 
588: 545 63 841 692 615 617 665 1001 923 240 570 933 965 8 22 106 117 227 273 292 297 310 314 318 352 367 516 567 568 573 576 704 706 838 621 591 746 628 760 764 766 911 813 
855: 545 188 642 286 514 111 252 625 259 637 258 525 361 359 784 
602: 545 63 841 446 98 665 272 557 143 939 940 87 492 766 738 778 
605: 545 905 69 576 954 150 368 833 909 823 
739: 545 52 615 616 617 44 419 665 69 527 876 272 939 1019 48 120 480 575 766 
743: 545 52 389 38 146 188 461 642 692 286 482 484 721 767 98 665 1011 31 86 240 338 570 644 926 112 202 386 411 433 930 932 939 946 949 961 967 982 983 985 988 1000 1014 1019 8 17 26 33 35 36 47 59 61 64 73 85 92 95 101 111 119 132 143 145 148 163 175 193 258 265 275 280 287 304 309 314 320 336 341 346 356 358 362 400 410 434 436 455 483 485 494 501 516 525 526 548 550 568 580 581 625 626 643 647 650 664 682 693 698 699 703 709 716 717 718 719 742 828 763 764 801 853 867 893 896 911 803 813 898 909 
873: 545 84 121 180 240 338 79 230 231 308 976 156 241 341 425 543 852 
751: 545 790 641 970 978 32 177 528 749 
766: 545 291 464 588 602 739 446 617 419 240 231 573 679 896 802 155 233 480 
895: 545 617 86 568 828 303 336 142 
774: 545 208 215 383 388 841 692 446 482 484 617 1008 919 44 98 472 925 930 937 944 945 946 961 966 969 970 974 992 993 1003 1014 1015 1019 3 5 7 12 23 28 32 36 39 43 47 57 58 60 70 74 79 80 81 82 92 93 95 96 104 106 107 125 128 131 148 168 174 186 192 198 203 205 210 213 219 224 231 237 242 247 252 257 258 261 262 272 280 282 290 292 295 296 300 303 304 307 308 330 335 339 347 351 353 354 360 365 367 368 369 371 372 390 392 400 401 406 407 408 425 428 451 453 459 465 473 474 485 489 492 502 528 530 533 542 543 547 548 550 552 561 562 570 571 574 581 597 621 622 624 631 632 643 645 660 661 664 672 673 685 701 709 712 716 718 722 725 747 748 749 758 759 772 776 779 790 821 824 825 826 828 837 839 840 857 865 867 878 881 876 886 896 898 880 903 911 914 799 892 901 
482: 1007 52 189 743 774 38 15 575 918 286 446 926 935 941 950 959 981 983 989 1010 1011 1013 1019 29 36 45 62 86 91 92 95 98 100 111 112 123 126 128 163 164 170 179 180 214 217 218 227 231 243 256 270 273 282 314 315 320 325 339 341 342 358 364 392 411 416 440 580 609 610 615 617 621 625 632 633 644 649 652 655 656 660 700 706 709 717 718 719 721 723 733 758 771 775 777 785 801 813 834 838 868 884 886 905 909 484 492 499 512 516 527 532 543 552 570 
1001: 1007 498 588 188 143 427 665 412 930 896 446 919 937 86 90 494 525 527 543 581 652 801 815 828 840 876 877 1005 
93: 1007 774 258 259 111 92 558 628 823 925 954 219 702 
273: 1007 841 588 692 15 482 314 615 516 764 665 706 304 1019 98 838 358 231 282 286 302 515 527 567 568 45 446 616 617 927 965 979 980 1010 37 92 136 169 179 214 837 843 851 351 607 354 872 621 624 760 677 776 913 789 536 297 867 315 571 
427: 1007 63 38 146 188 269 949 301 314 615 763 764 880 616 617 238 665 790 1001 305 411 469 927 151 928 955 967 980 981 983 1013 119 123 128 204 227 256 258 270 271 277 297 304 351 412 416 424 426 828 608 718 848 865 815 519 637 556 911 798 746 801 442 563 436 845 
90: 1007 314 615 516 764 294 813 911 783 1001 849 591 480 928 231 282 527 45 72 289 297 75 446 616 617 84 91 846 22 24 196 837 92 351 352 735 237 372 248 126 253 511 135 270 407 801 910 
877: 1007 314 763 143 271 665 930 878 440 1001 36 98 790 861 494 25 164 616 617 935 253 112 981 655 876 34 704 238 355 982 730 965 85 127 201 205 299 306 397 620 745 791 869 
1002: 1007 452 12 909 649 616 617 772 965 934 382 
252: 1007 190 317 855 774 642 767 665 339 785 308 98 644 428 610 26 120 286 302 446 514 721 905 1008 797 84 282 477 297 733 21 123 213 621 937 609 18 37 174 702 576 318 583 738 364 892 518 649 465 814 328 697 
309: 1007 743 38 146 187 188 642 692 946 193 61 346 767 626 763 643 803 286 446 616 98 665 790 570 773 567 849 282 661 219 358 718 126 557 35 280 412 568 571 621 679 838 937 965 526 70 198 218 242 580 456 840 495 887 525 428 549 
428: 1007 317 498 774 461 642 575 309 339 440 811 308 36 644 849 358 286 302 514 721 905 1008 797 91 612 231 297 536 45 212 828 937 938 116 382 18 252 2 99 100 120 203 217 258 259 295 328 351 392 698 702 541 558 492 875 504 776 528 862 525 691 
595: 1007 416 717 649 214 981 704 620 965 628 980 299 312 608 
97: 1007 1011 136 246 833 544 823 488 559 379 
197: 1007 599 118 
823: 1007 605 717 98 282 297 351 833 584 93 66 760 881 97 463 
833: 1007 605 721 246 628 624 97 823 1020 488 544 
536: 1012 63 189 841 692 718 665 717 939 983 706 1019 98 570 849 391 200 428 664 928 231 282 273 31 84 121 180 222 681 876 532 929 947 984 2 30 213 277 368 372 481 608 851 542 557 
45: 1012 841 692 957 482 143 522 718 717 939 983 133 706 339 811 304 308 985 98 716 12 428 664 907 282 286 302 649 797 908 937 273 980 90 92 106 459 984 1010 929 947 2 829 325 709 586 213 851 726 481 747 364 492 372 127 557 392 543 270 733 247 914 421 295 210 54 316 
126: 1012 841 482 309 718 717 983 304 1019 849 887 937 295 616 617 90 270 2 313 92 419 557 459 984 929 947 829 457 470 127 531 564 186 316 
717: 1012 63 841 743 146 187 188 692 946 957 61 346 482 384 516 803 51 433 950 718 719 614 665 446 790 31 86 338 570 628 567 47 81 980 8 390 536 982 984 983 45 126 237 930 21 277 294 304 320 356 568 939 967 985 1013 20 26 36 37 109 155 192 251 285 289 292 341 360 362 376 400 436 485 523 553 563 564 595 604 609 659 716 727 752 760 783 802 811 814 819 823 838 851 859 885 898 909 813 
575: 1012 184 739 38 146 446 482 484 615 240 849 765 591 803 10 610 428 354 336 977 997 7 99 132 221 400 507 701 847 731 732 759 738 
117: 1012 189 588 336 351 
324: 1018 828 881 559 89 239 
559: 1018 317 217 628 97 677 327 324 
642: 1 529 855 743 917 187 188 269 461 928 26 33 59 61 79 119 120 129 193 202 224 231 252 258 259 275 282 285 286 302 308 309 329 358 385 411 412 428 514 515 526 527 567 568 570 583 619 625 633 698 763 707 803 716 721 722 767 813 750 644 765 643 773 649 868 797 679 785 908 692 783 
86: 1 291 383 743 895 692 482 384 314 615 803 718 665 412 416 717 939 59 202 386 813 878 896 785 440 426 811 783 1001 36 47 98 790 200 336 361 224 286 329 385 567 568 649 679 1013 72 616 617 238 419 711 921 927 933 935 938 941 943 953 965 980 981 982 989 22 35 70 85 581 586 91 601 492 608 109 110 112 624 630 123 125 131 646 648 142 151 676 174 179 691 192 194 424 204 205 213 730 741 432 268 779 782 274 784 277 280 288 289 801 864 297 815 819 313 318 828 836 108 351 352 354 355 620 867 372 376 910 183 421 467 469 470 477 500 505 518 554 569 
570: 1 52 317 588 743 774 188 642 692 946 15 193 346 482 309 718 625 665 717 930 139 202 339 386 940 36 721 1008 923 222 240 313 527 928 933 935 1006 1015 18 62 96 104 128 141 161 214 256 282 325 336 341 358 361 458 492 512 536 567 568 576 581 709 838 681 875 656 628 693 677 674 781 
633: 1 498 642 64 61 482 314 615 516 764 143 148 773 665 294 930 139 849 292 525 928 258 259 282 527 446 484 616 419 313 876 925 936 109 111 115 125 186 192 233 256 274 289 315 318 413 423 424 492 549 581 589 830 714 828 846 682 860 652 
567: 1 189 389 588 642 692 946 949 193 893 803 53 309 50 719 665 717 294 926 930 119 139 706 339 386 813 650 410 667 308 783 644 570 358 361 105 525 120 258 259 282 514 75 86 834 927 934 935 981 989 1010 1013 18 24 35 71 99 100 141 151 169 170 177 204 234 273 320 392 458 489 544 563 581 604 609 621 660 682 705 728 771 801 814 837 904 568 
846: 1 383 946 193 763 893 580 926 59 47 849 164 286 633 581 621 632 905 90 628 41 954 971 973 60 376 401 438 477 656 726 885 
849: 1 52 383 188 946 6 193 575 346 767 763 893 143 309 580 271 665 926 939 59 163 202 410 36 47 790 286 905 313 628 876 41 633 469 846 954 971 973 974 993 1013 43 60 90 126 164 170 217 272 282 289 295 297 328 350 354 368 376 399 401 422 428 438 477 531 536 555 566 578 581 583 591 621 632 656 698 726 776 798 835 853 885 
81: 1 383 389 774 692 767 718 665 717 930 59 706 202 386 813 878 436 940 286 302 329 937 31 876 927 935 938 941 982 21 85 467 865 741 673 288 672 674 434 337 
314: 1 215 317 389 498 577 588 743 38 187 188 269 767 482 446 1008 238 665 790 86 84 91 240 876 633 273 282 427 477 950 928 90 169 231 965 981 987 149 198 229 237 255 262 277 289 292 304 911 848 764 840 336 422 729 791 733 865 351 361 706 877 878 754 763 625 896 525 352 785 533 407 543 679 425 426 870 686 571 
358: 1 743 188 642 692 946 193 346 767 482 615 764 143 803 309 580 718 665 294 983 139 202 339 386 1011 644 790 570 838 1008 31 527 469 567 273 282 581 928 297 933 1006 1010 1015 18 85 96 120 125 141 172 259 289 827 582 553 610 492 750 376 837 771 904 656 660 776 693 737 428 548 781 489 568 
459: 1 774 665 940 98 928 45 240 62 126 659 20 266 
412: 1 498 146 188 269 461 642 15 193 61 384 427 309 950 614 625 271 665 98 419 1001 1011 86 91 338 644 876 477 652 231 682 706 911 237 557 930 119 940 1019 30 134 311 467 896 613 624 519 785 780 660 788 526 563 
568: 1 52 317 588 743 895 642 692 946 949 1014 193 346 767 893 643 522 803 309 718 719 665 717 294 930 59 119 139 163 706 202 339 386 813 650 410 783 1019 132 716 570 358 411 361 525 26 258 259 282 514 567 75 1008 86 834 151 273 581 1010 981 35 320 933 934 935 937 961 989 1006 1013 18 24 99 100 170 217 234 300 303 392 424 458 489 544 563 604 609 613 621 702 705 709 728 771 808 814 837 885 801 
571: 1 774 946 15 193 314 615 803 309 665 930 139 339 386 218 273 616 617 111 691 238 910 
828: 1 291 383 498 743 895 774 692 384 143 803 427 433 625 665 294 930 939 59 202 813 667 1001 47 411 105 428 610 909 224 282 286 329 583 633 86 125 128 170 297 39 992 77 112 183 213 334 467 730 934 935 938 941 943 965 40 85 95 108 205 217 303 321 324 365 407 586 589 648 656 660 685 709 741 771 845 910 
838: 1 383 588 188 692 946 15 193 482 309 718 665 717 930 139 706 202 339 386 36 570 1008 69 240 273 282 581 358 775 1015 62 85 104 128 141 161 198 214 247 256 315 341 492 508 512 550 576 693 837 864 904 
896: 1 498 577 743 766 774 187 188 314 625 665 412 930 999 119 446 514 419 1001 1011 86 712 112 47 912 980 19 297 982 981 557 22 249 591 621 679 730 848 867 940 965 978 979 36 80 122 125 127 192 195 198 211 258 359 361 452 541 549 601 604 620 624 630 698 704 742 745 762 784 799 827 843 847 850 863 907 
935: 1 464 482 615 930 59 813 47 707 570 391 451 610 286 302 514 526 567 568 722 937 81 86 240 828 705 484 616 617 313 628 112 877 609 
937: 1 189 383 389 774 692 309 665 930 59 202 813 1001 1011 36 428 252 282 286 568 81 272 45 126 467 935 16 18 296 303 318 364 586 660 741 746 865 885 
453: 1 774 61 79 875 725 
587: 1 773 
214: 1 482 975 665 706 1019 570 838 993 1017 12 591 480 231 286 721 649 72 125 218 240 273 297 864 39 111 212 31 313 144 123 730 859 870 972 157 382 303 687 872 370 558 352 595 68 192 204 709 492 886 892 901 669 676 748 
125: 1 389 498 774 692 946 767 627 294 896 358 909 231 633 721 86 238 612 477 237 123 467 782 828 111 802 17 192 840 214 434 
20: 1 193 580 718 719 717 139 644 19 79 282 297 775 834 876 845 459 910 952 4 87 
840: 1 774 946 193 314 309 719 665 294 139 339 386 440 1001 125 256 581 253 981 660 965 238 424 104 
38: 52 743 917 946 949 957 1014 6 15 33 64 193 269 574 61 575 346 767 301 482 384 314 615 516 626 627 501 763 764 893 643 880 647 143 146 522 915 803 427 556 51 433 53 309 692 187 188 148 
146: 52 189 743 917 38 949 950 957 975 15 33 50 53 61 193 580 574 718 719 575 346 614 495 242 625 880 501 433 763 764 893 305 516 773 187 269 271 148 665 412 416 803 188 427 556 717 294 309 692 
187: 52 917 38 146 926 930 939 949 975 983 987 988 999 15 33 57 59 61 119 133 139 148 163 763 706 580 803 202 461 717 339 475 314 386 483 485 642 362 813 369 878 625 880 623 502 665 433 254 764 767 896 773 650 269 309 911 785 188 416 410 227 667 440 298 426 501 556 811 304 305 308 436 794 783 
188: 52 498 855 743 917 38 146 187 926 930 939 940 942 949 950 957 967 975 983 985 999 1001 1011 1019 8 15 33 36 47 57 59 61 98 119 132 133 139 148 163 178 580 623 626 642 644 650 653 502 665 667 692 193 763 707 202 713 716 717 718 719 227 433 254 764 767 773 269 780 783 785 790 794 290 803 298 301 811 304 305 308 309 570 314 838 849 861 358 362 369 878 887 889 890 384 894 896 391 396 911 411 412 416 426 427 436 440 451 461 475 476 483 485 494 813 561 271 538 556 
286: 52 190 317 498 855 743 642 6 33 64 482 615 516 764 893 643 647 309 271 665 59 119 706 440 308 783 36 98 644 849 428 907 120 231 252 258 259 282 918 75 935 937 938 948 959 1008 2 18 21 39 45 69 81 86 91 99 100 111 121 136 203 212 214 233 241 253 256 263 273 576 612 616 617 698 583 691 696 709 721 514 738 758 762 801 295 297 808 302 814 313 318 828 328 843 846 354 867 364 366 875 368 892 392 905 446 489 543 566 
98: 52 291 464 602 743 774 188 692 33 61 767 482 893 143 803 309 773 665 412 939 57 119 163 706 202 878 911 304 436 794 783 940 1011 1019 8 286 484 919 933 951 955 965 981 12 22 25 29 35 45 86 95 606 109 621 628 123 145 183 185 699 192 704 709 213 722 221 230 515 237 238 252 765 778 273 287 295 807 272 264 823 274 320 191 845 861 364 198 877 887 395 419 421 434 459 469 470 492 493 505 512 526 533 536 542 557 562 
110: 52 501 143 86 112 272 923 
411: 52 743 188 642 692 482 626 803 427 719 495 926 982 35 137 847 828 568 
433: 52 841 743 38 146 187 188 269 692 946 193 61 893 803 446 926 386 930 985 1016 1019 8 59 173 231 716 717 718 828 614 785 
47: 52 291 389 743 774 188 692 946 949 346 767 384 764 803 718 773 665 717 930 939 896 436 36 86 240 846 849 927 935 35 828 71 583 722 847 512 344 729 354 609 738 231 872 365 886 760 507 253 505 278 608 80 802 801 174 887 341 
950: 52 146 188 269 692 957 482 314 803 484 665 790 31 202 927 8 155 294 412 421 625 637 713 716 717 718 719 720 730 755 760 765 845 975 981 1013 985 965 
15: 52 38 146 187 188 461 692 482 570 876 272 273 477 930 933 64 838 61 641 492 740 111 621 813 258 259 143 412 304 686 294 571 
35: 52 743 501 893 309 148 495 665 930 813 410 1011 1019 47 98 411 742 275 567 568 86 616 469 982 
294: 52 189 146 15 626 803 950 718 719 665 717 446 721 711 31 84 91 191 527 681 876 28 633 567 19 90 231 358 532 237 930 119 29 125 166 170 255 258 698 828 321 826 709 840 716 724 742 296 888 525 543 814 434 568 
803: 52 189 743 38 146 187 188 269 642 692 946 949 957 6 61 575 767 384 501 763 647 905 98 665 31 39 86 644 773 842 999 202 411 433 567 47 282 581 950 8 106 358 556 718 930 249 294 467 568 571 717 760 772 939 940 988 36 101 155 255 300 309 369 436 515 525 538 553 579 625 667 788 828 898 
111: 52 383 855 743 6 15 64 767 482 516 763 764 893 665 939 339 308 940 36 396 525 120 259 282 286 515 583 633 698 649 679 1013 125 128 256 297 509 581 621 632 705 617 905 1008 270 814 584 180 313 628 834 93 106 467 571 772 867 884 933 955 962 24 60 695 697 700 214 726 732 246 771 296 843 853 856 351 862 863 399 413 438 442 450 489 542 544 566 
667: 52 187 188 61 893 803 773 665 567 183 385 828 938 965 131 943 1019 352 548 904 778 
625: 52 855 743 146 187 642 692 946 767 482 314 893 803 950 580 242 721 665 790 570 202 706 911 982 983 981 22 123 280 320 412 720 828 896 939 966 1013 10 699 36 609 43 139 179 186 265 275 299 325 339 413 483 485 512 515 851 742 785 793 
424: 52 498 33 427 292 909 224 568 633 86 628 730 840 898 945 
346: 52 743 38 146 692 946 33 61 616 767 665 91 570 876 614 849 47 358 516 718 763 733 568 621 717 813 867 893 59 309 161 51 53 242 283 719 727 351 627 501 
6: 52 38 286 767 386 849 763 983 61 193 782 783 803 111 705 287 410 173 336 580 1015 426 727 492 759 507 132 396 400 23 170 53 
17: 52 743 125 9 
51: 52 38 193 346 627 469 717 53 442 
340: 52 53 742 876 418 
242: 52 774 146 461 346 309 320 539 318 625 
643: 52 743 774 38 642 286 514 1008 644 282 568 801 309 120 253 432 515 619 814 
265: 52 743 64 625 119 742 621 1008 
685: 52 774 148 794 1019 105 828 778 
53: 52 38 146 6 346 51 905 567 782 396 340 
692: 63 498 588 743 774 917 38 146 188 642 930 937 946 949 950 988 1013 15 45 47 72 81 86 98 107 119 125 128 137 170 193 194 202 216 218 240 256 267 273 280 287 289 295 297 309 346 358 375 385 400 411 433 495 509 518 536 554 567 568 570 580 581 614 621 625 632 644 838 717 718 719 828 767 782 740 893 705 864 794 742 813 803 
615: 63 215 498 588 739 38 575 482 918 286 927 928 930 935 959 969 981 1016 12 32 43 86 90 92 95 100 107 123 130 139 143 212 218 233 240 270 271 272 273 275 277 282 303 320 339 352 358 392 427 438 477 483 492 543 556 571 609 610 706 617 728 864 616 911 664 876 779 633 656 665 798 816 659 
767: 63 743 38 187 188 269 642 692 946 1014 6 33 64 193 346 918 446 928 930 940 965 981 982 997 1011 1019 47 59 81 91 98 111 119 125 143 163 169 252 254 272 280 287 297 304 309 314 336 341 349 352 356 358 391 416 426 434 445 460 516 526 541 543 550 557 568 591 604 621 625 644 650 664 665 711 718 719 722 763 764 783 794 801 803 813 815 849 911 860 
1008: 63 529 774 314 643 119 339 911 308 570 838 358 428 120 252 258 282 286 514 568 583 721 797 289 375 918 75 905 100 111 135 203 212 265 296 318 351 352 364 417 465 528 530 639 652 661 730 814 867 885 
91: 63 189 317 1014 346 767 482 314 516 763 764 143 412 294 930 133 783 1011 790 336 19 428 480 928 231 259 282 286 385 514 527 72 86 240 280 297 554 621 90 238 711 923 84 927 966 980 981 22 29 573 102 106 620 628 121 127 637 658 671 169 505 186 191 192 712 221 732 232 241 247 768 775 272 784 801 313 274 848 351 352 359 390 425 532 543 
876: 63 739 774 949 15 61 346 314 615 763 614 773 271 412 294 59 878 911 440 298 783 1001 36 707 790 849 451 250 591 527 633 721 1013 81 280 289 297 536 581 864 616 617 938 253 758 801 313 112 839 652 981 123 700 884 277 927 238 923 222 349 628 932 933 953 965 980 4 20 27 34 87 113 122 127 135 174 186 196 201 204 205 249 299 306 330 331 340 347 390 397 445 454 563 598 604 608 620 682 704 715 729 730 745 746 759 787 796 827 845 865 877 
282: 63 124 189 215 317 498 510 841 774 642 946 193 482 314 615 643 880 803 556 309 271 665 706 339 878 227 298 308 967 36 644 790 570 838 849 358 993 12 591 480 525 120 252 258 259 75 286 302 446 484 514 721 905 1008 238 355 84 91 222 240 633 567 927 273 929 933 937 952 955 959 961 966 972 1013 2 3 7 9 10 18 20 45 74 90 100 104 109 111 114 123 135 169 177 179 198 203 205 209 219 225 248 256 260 274 277 620 624 583 662 679 689 691 696 698 702 715 720 722 728 737 287 801 805 808 817 823 827 828 326 837 331 845 857 354 870 364 892 392 407 415 430 465 723 473 479 515 535 536 541 542 543 549 554 566 568 730 
477: 63 841 15 314 615 763 143 665 412 369 426 794 36 178 849 742 252 1013 72 86 125 289 297 518 621 864 617 270 691 801 318 846 62 179 660 927 272 352 590 976 24 73 109 334 421 429 466 729 759 651 760 563 
19: 63 461 764 294 896 446 419 91 240 928 732 775 20 231 
92: 63 743 774 482 615 773 999 706 942 928 120 231 514 721 679 45 240 273 864 446 484 616 617 90 241 576 93 933 954 837 219 126 655 541 229 230 
169: 63 767 314 516 764 706 813 911 336 480 928 231 282 567 240 273 446 91 241 392 84 180 980 965 981 1010 704 573 492 230 791 746 620 425 
516: 63 189 317 588 743 38 146 1014 346 767 482 286 446 484 419 665 711 31 84 91 121 240 527 540 633 272 273 928 90 169 231 232 390 930 939 36 50 59 102 111 120 143 198 258 280 320 336 339 341 351 352 425 718 706 682 758 763 764 770 775 801 783 886 573 717 
682: 63 389 841 743 516 143 412 811 707 105 928 527 567 633 280 253 652 876 7 604 859 140 418 49 847 
718: 63 841 743 774 146 188 269 692 946 957 193 61 346 767 482 384 516 893 143 803 427 433 309 950 446 665 31 39 86 180 191 338 570 992 614 47 81 581 928 8 297 358 536 930 939 967 977 982 983 985 1019 20 26 36 45 49 66 95 109 119 126 155 235 237 251 254 277 289 292 294 304 311 320 329 339 360 362 425 436 466 467 500 512 553 563 564 568 609 621 648 693 694 716 717 719 727 732 742 760 761 811 838 851 906 813 
775: 63 317 482 516 764 143 1011 838 19 480 928 231 527 170 240 91 246 419 540 232 768 20 640 
237: 63 774 314 143 718 719 665 412 717 294 983 483 485 426 436 967 985 36 98 644 716 790 231 515 125 240 289 297 446 37 90 2 39 121 241 801 354 31 191 628 980 230 232 984 981 929 947 965 74 123 166 199 213 704 473 620 753 745 511 564 277 759 557 760 693 315 316 
557: 63 291 464 498 602 946 767 764 309 719 412 930 983 813 896 98 480 231 45 536 446 733 237 802 106 929 126 156 604 732 777 
36: 63 189 383 388 464 743 774 188 949 64 61 482 516 763 143 803 556 580 718 719 614 625 773 271 416 717 983 59 119 386 813 254 896 911 227 436 1019 286 484 721 31 39 797 86 69 240 349 570 876 41 849 47 272 282 477 581 652 765 982 237 733 320 467 621 632 760 838 877 937 111 934 954 30 583 101 120 664 164 176 177 691 729 428 742 246 256 315 322 328 851 421 422 465 466 492 512 525 651 542 553 46 56 
770: 63 516 813 1011 351 130 945 881 435 468 569 592 818 
802: 63 766 717 999 440 47 525 224 285 679 125 218 287 289 446 801 354 912 557 730 870 865 945 799 80 204 344 638 662 881 818 
719: 63 498 841 743 146 188 692 946 957 193 61 346 767 482 384 626 763 143 950 718 446 31 39 338 773 112 411 567 614 581 232 765 984 983 237 557 277 294 304 320 356 568 717 813 36 865 563 95 693 985 20 289 311 312 341 362 400 413 423 429 447 473 500 512 564 648 653 696 716 851 872 840 
336: 63 743 895 269 949 1014 6 575 767 314 516 763 764 143 556 271 783 1019 570 484 711 86 69 91 681 272 912 169 297 280 674 173 117 651 344 860 735 512 771 543 415 672 908 
421: 63 950 163 1019 36 98 1017 25 164 591 664 45 86 616 617 21 875 543 112 325 532 1016 477 418 590 390 213 248 781 73 1009 196 228 680 611 443 
716: 63 841 743 774 188 642 957 433 950 718 719 665 717 294 485 254 304 436 985 8 653 446 31 982 984 45 237 320 356 568 621 563 316 962 1017 54 166 172 251 312 315 442 535 851 738 778 
872: 63 719 911 47 240 273 214 709 31 989 639 952 204 228 
525: 63 855 743 461 301 314 803 309 294 983 119 308 1001 1011 36 428 446 238 191 633 567 282 532 274 385 539 568 621 632 884 111 18 364 131 342 802 583 352 704 135 407 508 582 
909: 63 577 605 743 461 482 143 717 813 298 304 308 1011 452 446 617 238 313 612 277 280 730 801 828 848 867 699 1002 318 815 354 424 125 329 87 827 195 351 793 135 199 130 185 196 257 288 408 443 458 518 546 
480: 63 215 317 464 739 766 461 764 238 84 91 121 240 540 628 282 90 169 231 232 775 557 9 621 660 604 637 214 649 492 170 181 204 241 266 425 732 606 691 
259: 124 855 642 949 15 580 339 644 358 428 286 91 834 93 633 567 151 282 581 467 568 621 632 867 111 128 955 705 342 954 140 256 698 700 723 852 726 351 489 270 656 542 544 814 566 442 697 
298: 124 498 510 187 188 418 349 876 282 274 277 966 1013 699 707 563 729 1019 130 892 341 909 425 
233: 124 498 766 615 286 633 72 616 617 422 246 990 152 
341: 124 743 873 767 482 516 719 717 202 298 47 570 838 26 231 240 121 241 543 338 573 730 278 729 108 48 541 724 852 425 
260: 184 1014 999 119 231 282 150 882 
253: 184 841 643 878 47 286 90 241 876 682 877 840 158 847 152 449 
269: 189 917 38 146 187 188 926 949 950 957 975 988 993 1017 8 61 119 132 148 163 178 200 254 763 452 742 461 336 718 767 483 485 642 361 783 878 880 433 384 314 396 653 788 665 794 803 426 427 556 412 305 
484: 189 743 774 575 482 516 950 580 163 706 339 813 227 36 98 336 282 527 633 649 170 621 918 935 989 92 100 320 342 392 834 723 492 771 886 512 733 656 609 660 
721: 189 317 383 387 529 841 743 642 482 501 764 50 625 294 202 339 813 227 308 1019 36 570 428 120 252 275 282 286 514 515 583 918 75 617 965 1008 1015 18 31 39 88 92 100 125 150 203 212 214 297 315 364 392 465 500 541 558 594 649 655 833 725 733 723 875 876 900 905 814 
665: 189 291 464 588 602 739 743 146 187 188 269 461 949 193 61 346 767 314 615 516 764 893 143 915 803 427 309 950 580 718 625 773 286 446 617 919 98 238 419 922 930 932 934 937 939 940 943 955 961 965 977 980 981 982 983 999 1001 1011 8 11 35 40 43 47 57 62 65 70 72 73 77 81 86 95 109 111 119 145 163 175 179 180 185 192 202 212 214 218 222 227 229 237 252 254 256 258 261 268 272 273 276 277 280 282 287 294 297 304 320 321 325 334 338 342 351 358 369 385 391 395 407 412 417 422 434 438 451 459 460 467 470 476 477 483 485 491 494 521 533 536 538 541 542 554 561 567 568 570 571 601 604 613 618 621 623 632 633 641 648 650 654 655 664 828 765 667 674 676 679 704 705 716 717 733 760 838 786 859 783 788 794 801 807 811 817 785 840 849 860 861 867 871 875 878 877 896 897 898 777 778 813 
305: 189 146 187 188 269 61 143 427 920 1005 272 
178: 189 188 269 461 923 477 888 
231: 189 317 383 388 389 577 873 766 774 642 482 314 516 522 433 412 416 294 999 119 706 911 227 308 783 967 1011 47 452 19 428 480 928 79 286 302 446 514 419 31 39 69 91 121 191 240 338 527 540 612 77 151 273 980 90 92 106 169 206 230 936 955 969 7 18 70 115 122 125 214 229 573 601 631 649 659 671 698 724 232 237 746 260 772 775 268 277 281 300 815 274 845 848 341 852 867 868 366 886 630 420 532 536 549 557 
594: 189 389 987 202 928 721 232 435 847 
763: 189 743 38 146 187 188 269 642 946 1014 6 193 346 767 314 516 446 617 711 91 180 876 846 849 272 427 477 928 981 997 1019 36 70 111 128 143 148 173 198 254 280 289 304 309 336 351 352 434 451 518 526 543 553 591 608 621 679 719 783 861 878 813 911 877 764 803 
760: 189 588 957 143 803 950 718 773 665 717 930 983 967 8 36 47 610 273 621 632 691 801 31 237 609 655 272 477 815 823 155 961 1004 322 466 701 851 
801: 189 498 743 767 482 516 893 643 427 556 665 930 813 1001 1019 47 909 907 258 282 286 514 527 567 568 722 649 86 18 90 814 91 709 418 876 477 237 277 760 943 952 961 247 351 354 359 423 609 629 674 771 913 898 802 815 
959: 189 482 615 310 282 286 616 617 44 733 158 
977: 189 575 718 665 
141: 189 498 570 838 358 567 
150: 189 605 773 12 250 907 721 581 632 392 158 123 382 281 300 260 113 701 247 
452: 189 269 896 231 479 1002 37 438 909 
580: 189 383 498 743 146 187 188 692 6 193 61 482 501 647 309 975 484 665 1011 773 846 849 581 8 358 304 621 632 813 36 705 625 278 287 173 259 155 713 20 94 192 241 256 
203: 189 774 50 308 790 428 591 610 282 286 302 583 721 905 1008 18 814 212 116 364 875 862 492 465 753 541 
589: 189 215 577 292 310 633 218 828 368 229 419 62 422 434 848 171 
724: 189 294 231 69 341 777 470 
217: 189 482 813 849 428 258 568 218 828 705 628 80 559 747 
492: 189 383 388 602 774 6 15 482 615 143 202 813 36 98 644 790 570 838 358 428 480 633 649 679 45 86 170 218 484 617 18 37 203 214 241 576 313 169 180 549 95 325 342 884 681 992 272 888 10 288 463 714 606 
368: 189 605 774 849 286 536 99 343 16 342 578 257 589 
709: 189 743 774 482 294 339 308 98 644 570 286 568 649 45 621 828 214 219 467 772 801 885 872 704 43 771 243 372 
519: 189 389 427 412 416 558 467 
400: 189 743 774 692 6 575 719 717 43 481 
994: 190 120 514 
889: 190 188 307 62 520 740 
702: 190 498 650 428 252 282 568 18 99 652 32 465 60 93 697 245 804 343 524 
804: 190 498 32 697 207 831 1004 147 496 657 702 
697: 190 498 790 164 252 259 698 297 581 18 99 111 318 328 652 465 10 528 870 547 207 891 83 343 524 804 147 159 496 702 753 708 
831: 208 875 920 978 804 
363: 208 498 756 905 978 
698: 208 498 743 642 294 896 849 164 428 231 258 259 282 286 583 31 39 581 297 111 351 892 697 367 
50: 208 146 516 143 721 69 567 906 391 609 203 227 723 506 
730: 215 498 143 950 930 878 896 561 292 909 224 282 679 86 828 1008 214 354 733 802 341 342 728 876 877 191 710 932 945 168 204 424 881 799 818 821 
848: 215 498 577 314 427 930 896 292 909 231 91 407 827 434 589 232 
827: 215 577 896 358 993 909 282 218 617 762 414 549 62 876 848 888 370 956 177 913 
292: 215 577 588 774 461 314 718 717 983 911 304 905 633 106 123 310 467 679 730 848 224 354 424 114 204 268 589 596 365 407 434 
434: 215 577 743 767 763 665 294 119 202 98 292 81 125 313 628 467 848 30 589 
407: 215 577 774 314 665 292 525 282 828 446 90 733 882 232 848 
69: 291 605 739 50 36 838 890 336 164 231 286 923 41 71 710 467 724 96 733 230 879 122 637 892 395 144 784 912 158 672 420 565 
599: 291 464 930 79 349 799 741 331 197 687 
940: 291 389 498 602 188 61 767 803 773 665 412 930 59 119 483 813 896 911 304 98 540 570 81 459 62 95 111 234 278 287 674 791 885 965 
699: 291 464 743 625 163 813 298 1011 98 538 909 385 581 112 419 95 723 965 888 932 505 898 
945: 291 464 774 999 224 581 354 802 730 799 865 424 770 821 881 
115: 291 389 361 231 633 691 351 839 108 
604: 291 464 767 665 717 706 896 942 1011 480 567 568 280 621 839 557 277 272 876 682 741 279 533 
687: 291 464 946 907 79 621 214 62 32 349 871 307 479 741 162 599 234 
696: 291 719 282 286 297 144 414 266 
514: 317 529 855 642 764 643 271 339 813 896 783 644 428 591 120 231 252 282 286 302 918 935 994 1008 91 92 100 112 134 212 277 328 364 392 583 541 721 850 619 905 801 814 567 568 
923: 317 588 773 999 178 644 570 527 240 69 91 121 313 180 834 876 349 628 191 84 222 338 992 110 540 681 842 
84: 317 873 314 516 294 480 928 252 282 240 536 90 91 241 169 180 419 655 532 7 230 923 82 222 232 106 156 902 540 
222: 317 665 570 282 240 536 313 180 876 628 530 84 923 929 157 540 637 712 681 
240: 317 588 743 873 766 692 949 575 314 615 516 522 163 911 227 36 47 570 838 476 19 480 907 928 231 282 302 679 446 419 923 84 91 121 180 222 933 935 969 981 92 162 169 181 214 229 230 232 237 572 326 459 341 660 872 532 732 621 241 500 886 637 266 393 779 543 775 659 406 777 281 540 548 842 420 297 573 425 586 655 
313: 317 570 849 909 286 633 649 679 86 935 91 111 214 691 923 222 29 126 312 681 492 745 876 628 629 630 816 654 434 
928: 317 841 642 946 957 767 314 615 516 763 764 522 427 556 718 983 706 911 440 308 1011 8 570 358 19 446 31 39 84 91 121 191 240 527 633 79 90 92 106 138 169 206 219 230 231 232 297 390 459 532 536 573 594 658 682 765 768 775 798 868 982 984 1010 981 929 
981: 317 498 767 482 314 615 763 764 880 427 950 625 665 416 706 878 896 911 98 790 928 567 568 1013 86 240 554 616 617 91 246 733 169 237 540 876 980 965 966 22 34 186 299 422 595 608 620 690 700 704 720 840 877 
993: 317 498 774 269 61 416 849 894 349 612 144 151 153 272 282 493 581 912 798 66 330 845 799 637 827 620 214 129 285 323 325 497 603 683 800 998 
1010: 317 482 522 773 358 610 928 567 568 649 45 273 705 169 
1013: 317 510 841 692 482 427 950 625 717 930 911 298 790 849 282 527 567 568 583 882 86 540 876 144 151 153 477 581 652 981 22 720 966 956 3 111 179 186 192 299 327 328 354 422 535 
3: 317 510 774 143 416 129 282 1013 548 956 323 104 
25: 317 461 143 773 1011 98 112 272 213 621 877 875 421 969 322 325 359 
68: 317 214 860 847 160 
72: 317 692 665 440 584 86 91 477 90 297 532 10 351 214 233 910 149 
82: 317 774 606 84 60 
102: 317 516 91 733 106 637 83 732 
120: 317 529 739 642 516 643 339 36 644 358 428 907 75 286 514 721 905 1008 797 567 282 92 212 621 111 18 252 364 881 583 994 100 541 465 515 639 808 814 
155: 317 766 957 803 950 580 718 717 983 419 230 778 984 760 466 
204: 317 498 427 878 292 480 224 567 86 270 214 802 876 730 799 881 872 818 
229: 317 383 314 665 231 240 446 758 92 342 589 654 
232: 317 516 719 416 440 480 928 231 527 240 91 121 241 351 180 237 407 775 352 594 230 799 84 151 848 732 
241: 317 873 580 773 308 480 286 526 218 240 91 121 84 180 191 540 92 169 230 232 573 237 281 637 729 48 492 543 341 253 156 181 366 500 266 659 425 
258: 317 529 855 743 774 642 15 516 427 665 294 339 896 644 428 286 617 1008 527 834 93 633 567 282 581 343 467 568 632 801 867 128 955 961 95 550 954 217 256 704 700 723 726 351 864 698 375 528 544 549 814 315 
308: 317 873 774 187 188 642 286 721 905 1008 191 644 567 282 928 206 231 18 45 100 111 203 241 252 256 288 573 705 709 583 515 364 366 543 909 525 428 
805: 317 389 498 282 48 
332: 317 440 817 
591: 317 588 461 575 767 763 764 930 813 896 849 446 514 527 876 282 652 90 109 203 214 300 421 
850: 317 896 391 514 527 581 652 584 824 
351: 317 498 774 346 314 516 763 427 271 665 987 706 254 894 250 428 909 258 259 302 698 649 72 86 273 289 297 518 554 864 617 1008 90 91 111 691 801 318 354 867 882 232 870 965 10 885 770 598 976 109 115 117 145 179 255 701 847 470 622 779 352 735 423 816 676 819 823 
352: 317 498 588 767 314 615 516 763 915 773 706 667 644 887 894 525 86 617 1008 90 91 214 351 733 882 477 232 965 815 109 423 
865: 317 498 841 774 314 427 719 202 790 868 937 81 39 354 31 802 123 876 663 934 945 968 
489: 317 774 1019 358 259 286 567 568 18 111 910 
515: 317 529 642 643 803 625 339 813 308 98 644 79 120 282 721 905 39 273 237 111 583 814 541 619 
644: 317 841 743 188 642 692 946 61 767 482 764 893 643 803 412 139 706 813 650 308 783 286 514 797 923 121 527 540 997 20 120 237 252 255 257 258 259 276 282 289 297 352 358 428 432 492 515 526 535 567 576 583 610 619 707 709 722 732 649 
773: 317 146 187 188 642 193 803 309 580 719 446 98 665 1011 39 923 180 939 940 965 999 1010 8 25 32 36 47 92 95 101 114 139 150 167 241 248 289 325 352 386 451 470 491 538 587 633 667 760 785 864 876 885 904 780 
649: 317 389 498 642 482 644 707 451 788 12 105 480 231 252 721 484 905 86 191 313 628 980 297 1010 45 212 213 277 280 728 801 870 972 111 382 1002 351 595 214 181 244 373 471 492 499 507 560 629 630 851 886 709 669 806 
606: 317 202 98 480 170 280 180 62 492 681 82 
655: 317 482 665 939 721 240 621 875 92 84 540 760 877 
792: 317 
540: 317 516 940 8 644 480 231 1013 240 241 981 655 775 277 274 845 84 222 923 
628: 317 588 764 717 98 570 849 12 250 480 649 297 905 37 270 935 91 111 212 738 313 846 31 237 414 217 499 728 876 676 558 833 434 923 222 66 93 424 559 595 681 796 753 669 
806: 317 649 32 245 
681: 317 294 570 336 536 313 62 342 492 628 606 222 654 923 152 
845: 317 841 427 950 930 339 98 993 1017 231 282 581 828 652 29 876 882 540 144 956 20 
437: 317 
761: 317 718 860 
31: 383 743 957 516 803 950 718 719 717 294 983 227 967 1019 36 716 358 928 231 698 721 81 289 536 554 446 39 214 920 954 984 198 74 80 465 872 858 865 237 245 628 760 901 144 535 735 32 312 677 166 553 54 564 439 
474: 383 388 774 1019 296 924 590 910 
297: 383 388 498 588 692 1014 767 427 718 665 930 987 706 813 896 811 985 644 849 358 336 428 928 252 286 698 721 649 72 86 240 273 289 617 756 905 91 628 876 272 477 90 1020 20 32 70 111 179 214 237 828 691 701 467 470 351 354 867 705 870 885 779 658 423 554 823 819 696 697 
621: 383 389 588 774 692 15 193 574 346 767 482 763 880 143 309 148 580 718 665 930 57 59 139 163 896 785 426 967 1019 36 98 716 849 1017 25 480 610 525 120 252 259 567 568 240 273 484 584 418 91 846 272 477 652 733 123 18 43 111 152 221 265 270 278 322 342 353 466 546 558 604 609 705 835 709 869 727 754 886 760 771 687 655 
224: 383 498 774 642 999 292 86 679 730 828 867 932 945 23 204 326 342 860 741 881 656 424 799 802 818 
318: 383 588 946 242 909 252 286 633 679 937 86 280 295 554 581 1008 584 477 7 179 198 328 351 820 697 
1017: 383 388 269 957 148 1019 716 621 845 421 214 513 657 
1019: 383 388 739 743 774 188 461 61 767 482 763 433 148 718 412 119 163 202 667 298 304 436 1011 721 756 98 31 474 273 652 536 982 126 35 277 568 621 728 801 36 815 336 421 1017 214 1016 7 37 105 489 513 542 657 685 
23: 383 774 6 224 295 151 248 211 13 435 262 
62: 383 388 949 482 665 987 999 339 940 570 838 889 664 868 170 740 612 180 681 842 28 151 477 459 342 827 198 192 589 606 370 687 520 654 656 786 676 
101: 383 743 522 803 773 983 254 436 36 610 765 905 691 
323: 383 416 993 129 493 3 330 153 888 144 331 497 800 
354: 383 498 774 575 706 440 47 849 292 909 282 286 1013 86 256 273 297 581 617 37 612 801 237 733 730 865 563 776 945 104 288 351 881 802 
691: 383 143 416 813 878 36 428 480 282 286 385 583 86 297 313 144 477 733 571 760 205 881 553 154 414 195 351 177 101 328 115 162 651 
180: 388 873 482 763 718 773 665 240 536 446 111 241 169 923 84 992 42 62 601 222 606 232 492 
219: 388 774 946 309 440 928 282 709 92 549 714 93 954 171 
285: 388 498 642 717 440 993 802 758 
857: 388 774 282 212 543 425 
430: 388 139 282 527 898 299 
756: 389 1019 297 918 363 
1011: 389 743 188 767 482 580 773 665 412 983 119 813 896 811 794 919 98 928 932 937 951 25 35 43 54 91 95 97 112 140 192 231 310 320 358 385 505 525 533 541 551 581 604 674 694 699 734 770 771 775 778 888 909 1019 
121: 389 873 516 764 644 480 928 231 286 240 536 91 923 929 48 338 341 608 230 232 490 237 241 508 768 777 532 543 
349: 389 957 767 143 119 298 36 993 652 272 876 923 961 77 85 195 205 599 356 547 687 
77: 389 498 522 915 148 665 926 440 451 231 828 884 277 349 135 
202: 389 743 187 188 461 642 692 946 957 64 193 61 384 893 647 803 950 625 665 926 930 939 59 119 721 98 86 570 112 937 941 943 965 1019 81 95 170 173 828 581 594 329 838 849 320 212 341 865 358 361 492 813 568 386 648 650 780 606 467 785 794 417 843 505 304 434 
946: 389 743 774 38 692 767 238 570 644 202 433 567 846 849 47 282 581 928 219 358 718 763 125 137 161 194 198 281 309 316 318 346 398 410 467 548 550 553 557 568 571 585 625 627 641 670 687 693 705 717 719 782 791 794 803 838 840 893 965 988 
128: 389 841 774 692 482 763 427 813 570 838 258 259 992 828 111 934 262 473 693 
74: 389 774 282 39 31 237 737 
109: 389 718 665 717 98 591 282 633 86 758 867 351 352 477 395 319 
135: 389 271 987 706 227 525 909 282 1008 90 733 123 876 77 906 306 
137: 389 692 946 411 136 393 220 
185: 389 665 98 12 909 275 617 108 
198: 389 774 946 314 516 763 764 143 522 309 896 98 132 790 838 282 39 758 318 31 839 62 342 238 114 537 262 505 898 822 
262: 389 774 314 790 128 198 23 759 787 
703: 389 743 991 
600: 389 706 246 910 
735: 389 119 336 90 351 31 108 
864: 389 498 692 957 615 522 773 838 258 86 617 876 477 912 92 996 214 351 544 758 
431: 389 955 
504: 389 428 239 
404: 389 61 133 406 478 523 405 
800: 389 993 129 493 330 144 331 497 323 
553: 389 946 763 803 718 717 36 358 39 691 31 157 402 
564: 389 718 719 717 983 39 31 237 126 80 984 858 677 166 167 486 
438: 389 498 615 665 878 849 452 527 111 846 419 277 378 613 860 789 
338: 464 743 873 718 719 665 412 717 231 527 814 121 543 341 982 191 923 278 715 852 425 
34: 464 878 861 385 616 617 981 876 877 620 704 371 
562: 464 774 813 811 98 460 882 888 
302: 498 642 764 426 428 664 231 252 282 286 918 935 18 45 81 99 100 158 203 240 246 273 351 733 514 797 
616: 498 739 346 615 501 427 556 309 706 339 483 878 12 610 664 286 633 86 107 273 918 935 959 969 981 1002 1005 34 35 90 92 95 126 142 212 233 270 320 421 442 571 609 728 704 617 876 877 635 769 656 779 812 620 676 
617: 498 588 739 766 895 774 482 615 763 143 427 556 665 706 339 483 878 790 12 610 909 664 258 286 721 86 107 273 289 297 581 632 864 918 616 927 935 948 959 981 1002 1016 7 14 34 70 90 92 95 111 123 126 142 185 212 233 270 272 303 311 320 325 351 352 354 390 421 422 477 492 571 609 620 634 656 676 704 714 728 745 779 812 827 876 877 884 885 
419: 498 739 766 516 614 665 412 813 896 98 788 19 231 633 86 240 446 919 84 106 126 155 699 454 589 870 508 768 775 438 
472: 498 774 919 
790: 498 751 774 188 301 314 427 309 950 625 271 717 930 813 911 440 446 617 919 965 966 980 981 1013 22 86 91 151 153 170 186 198 203 212 237 249 262 277 282 299 300 342 358 481 492 494 546 581 654 663 697 720 733 772 849 865 867 876 877 882 912 862 
925: 498 774 633 612 28 93 712 
927: 498 615 427 950 47 282 527 567 81 86 273 581 617 91 652 912 876 144 151 153 272 477 493 661 980 
930: 498 577 743 774 187 188 461 692 15 193 61 767 615 516 893 880 143 915 803 433 148 718 665 412 717 294 446 238 790 1001 91 527 570 633 112 202 567 47 81 297 390 911 982 983 557 9 21 22 35 66 83 119 123 175 183 212 213 248 249 254 274 277 280 304 310 320 330 331 334 343 356 385 451 467 517 521 524 539 568 571 591 599 621 632 679 710 720 722 728 730 760 772 780 781 782 783 794 801 812 813 825 828 838 845 848 859 867 870 874 877 884 888 896 906 932 935 937 938 939 940 965 966 972 986 1013 
933: 498 588 15 98 570 358 282 568 86 240 581 111 92 876 888 
955: 498 841 427 665 98 231 258 259 282 583 581 111 414 88 882 144 906 934 154 431 956 
957: 498 38 146 188 269 31 349 202 614 950 928 718 45 123 155 485 491 694 716 717 719 760 803 864 1017 
965: 498 588 946 767 314 309 950 773 665 416 930 706 202 386 878 896 667 440 304 940 98 790 264 721 86 273 828 782 758 867 351 169 237 981 277 352 876 1002 704 877 620 422 151 153 980 467 936 958 11 30 195 299 595 608 690 699 729 840 862 
980: 498 841 880 427 665 416 717 706 896 911 440 790 231 649 45 86 273 740 91 867 169 237 981 277 927 876 704 620 965 22 799 151 153 299 595 608 690 862 
10: 498 575 625 282 72 905 18 351 652 492 931 296 234 754 697 
18: 498 440 308 570 358 164 428 525 120 231 252 282 286 302 567 568 721 937 621 632 75 652 733 21 212 801 10 961 702 303 328 203 738 489 492 753 776 528 103 177 697 
24: 498 567 568 90 111 738 477 882 213 
32: 498 751 774 615 773 163 289 297 518 39 31 356 60 687 80 804 702 806 225 749 244 284 439 
55: 498 423 
70: 498 774 763 309 665 623 231 86 297 617 30 5 
114: 498 773 292 610 282 733 198 
119: 498 743 187 188 269 642 692 61 767 647 427 556 718 665 412 294 930 286 446 1008 98 1011 349 202 567 231 911 733 940 1016 1019 26 36 260 320 212 735 863 483 896 742 762 265 525 398 860 741 813 434 549 568 
123: 498 957 482 615 427 625 930 98 292 252 282 583 86 125 621 617 214 237 876 661 118 865 249 135 479 150 860 376 422 888 
147: 498 465 697 804 343 
201: 498 660 876 877 608 
225: 498 282 32 207 245 
277: 498 314 615 427 718 719 665 717 930 706 483 369 878 911 440 298 1019 707 790 451 909 26 231 282 514 583 765 649 86 280 536 801 867 237 772 652 540 876 77 151 153 980 274 965 966 85 205 345 729 604 862 736 888 521 903 415 563 438 
280: 498 743 774 692 61 767 516 763 309 625 665 930 483 813 878 707 391 451 336 909 750 649 908 86 91 876 272 682 984 277 85 257 318 847 729 604 606 888 521 782 425 
289: 498 692 314 763 522 718 719 773 717 706 644 849 358 164 633 86 617 1008 31 876 477 90 297 237 733 802 351 554 839 32 544 
328: 498 36 849 428 252 286 514 1013 18 270 691 318 327 697 
331: 498 930 999 129 282 652 876 493 330 144 599 323 800 497 
353: 498 841 774 621 652 
416: 498 146 187 188 767 482 626 627 880 427 86 144 151 153 581 980 231 232 911 981 22 813 870 965 36 3 898 299 993 311 323 726 595 608 742 704 620 519 569 810 436 691 
432: 498 643 139 440 644 385 86 257 578 87 326 
440: 498 187 188 482 384 501 143 999 813 878 286 446 790 86 876 992 77 151 153 581 980 928 219 232 943 965 970 18 72 80 161 268 277 285 332 344 354 414 428 432 467 601 867 877 881 900 585 840 862 802 679 
447: 498 719 486 
450: 498 880 111 
467: 498 946 803 718 271 665 412 930 202 483 369 440 36 707 292 258 259 527 937 81 86 125 297 828 69 111 709 758 652 965 434 445 251 519 520 904 546 563 
581: 498 743 774 692 946 193 803 580 718 719 416 59 202 911 440 304 1001 1011 36 790 570 838 849 358 993 258 259 567 568 633 698 1013 86 194 554 617 238 876 612 846 927 151 153 933 945 955 66 111 150 179 318 354 517 699 912 840 720 850 744 871 630 888 693 845 697 
596: 498 292 610 733 
601: 498 665 999 896 440 231 86 446 180 652 370 367 638 659 
608: 498 763 427 416 813 911 47 86 536 121 738 867 981 876 704 620 965 982 481 870 980 898 299 595 201 
620: 498 880 416 878 896 911 993 282 86 616 617 91 733 169 237 981 876 34 704 877 980 22 965 299 595 608 690 
624: 498 774 412 706 896 911 783 282 385 86 273 814 938 867 833 96 799 326 423 836 715 744 
641: 498 751 946 15 665 483 446 662 
650: 498 743 187 188 193 767 975 665 202 623 39 207 644 567 304 568 995 177 380 396 443 640 702 754 785 
652: 498 482 271 412 911 1001 1019 36 591 633 1013 170 621 446 1008 18 601 349 876 927 10 174 248 274 277 331 347 353 373 467 702 720 850 682 746 737 816 845 697 
704: 498 588 880 665 416 706 878 896 911 98 525 258 705 616 617 808 709 733 169 237 772 981 876 34 980 22 877 965 299 422 595 608 620 690 
710: 498 930 69 549 730 807 
745: 498 764 143 878 896 617 313 237 771 272 876 877 42 523 
746: 498 588 427 231 937 169 652 876 60 517 
759: 498 774 6 575 782 612 237 884 477 876 898 174 262 781 413 787 
821: 498 774 356 296 730 945 
867: 498 743 774 346 522 665 930 706 896 440 790 909 224 231 258 259 286 86 273 297 1008 111 151 153 980 733 277 965 109 351 608 624 862 870 888 
870: 498 314 416 930 783 282 649 297 214 867 875 351 733 414 419 802 144 608 697 
906: 498 627 50 718 930 135 955 
911: 498 588 743 774 187 188 767 314 615 763 880 522 427 625 271 412 416 930 119 386 813 369 1008 98 790 240 876 112 581 652 980 928 90 169 231 940 966 981 1013 22 36 186 195 227 277 292 299 304 365 372 422 543 608 620 624 651 704 720 872 888 
549: 498 64 501 647 309 119 139 706 896 780 231 258 282 633 446 212 364 219 982 710 578 827 122 492 
238: 510 946 61 314 427 665 930 98 396 451 480 525 909 282 583 86 125 554 581 91 571 876 877 919 966 96 198 840 481 663 799 686 
956: 510 880 271 527 1013 827 955 845 3 720 87 795 
257: 510 774 783 644 909 280 368 272 432 
364: 529 482 308 98 525 120 252 282 286 514 583 721 937 45 287 905 1008 203 758 44 549 
583: 529 642 339 308 36 47 644 849 164 525 120 252 282 286 514 515 446 721 905 1008 238 39 123 277 828 1013 111 955 364 73 104 177 203 499 541 698 676 725 862 691 
211: 529 896 738 23 968 
522: 577 38 240 77 928 231 967 1010 45 54 73 101 142 198 289 518 662 864 867 637 911 585 535 799 568 
764: 577 588 743 38 146 187 188 767 314 516 763 286 302 514 721 665 711 91 121 628 644 633 47 272 273 427 928 19 90 169 358 390 706 981 22 111 143 148 198 336 480 543 557 591 745 836 783 775 814 
1005: 577 305 1001 765 616 
890: 577 188 967 69 385 932 122 454 
207: 841 650 797 60 697 920 78 891 225 804 
144: 841 416 993 129 1013 69 214 612 691 696 158 31 839 927 955 845 493 870 330 748 151 998 13 89 323 331 497 380 666 800 
706: 841 588 187 482 314 615 516 764 625 412 286 446 484 616 617 98 644 567 81 273 282 980 928 92 169 231 297 536 965 979 981 45 135 136 214 277 289 315 351 352 354 369 451 549 558 568 600 604 624 704 838 727 867 758 776 843 814 
985: 841 743 188 433 950 718 719 717 254 436 446 297 982 984 45 237 716 166 335 694 
989: 841 482 105 567 568 86 484 263 892 839 249 674 872 300 
49: 841 718 495 287 682 732 847 9 
164: 841 461 482 36 849 69 846 213 877 610 18 421 583 186 246 289 697 698 506 
226: 841 
296: 841 774 294 937 1008 111 10 474 157 359 821 
345: 841 277 888 409 
637: 841 855 522 427 950 993 480 240 69 91 241 230 106 222 138 102 732 
657: 841 1019 1017 804 
729: 841 314 298 426 36 47 679 280 99 241 341 277 477 876 965 563 818 
738: 841 602 575 163 47 716 252 286 18 628 573 608 211 179 24 160 863 
814: 841 764 643 717 294 706 339 120 252 258 259 286 514 515 567 568 721 75 905 1008 808 338 21 801 111 624 875 177 203 392 535 541 
819: 841 717 86 297 740 351 645 
903: 841 774 375 905 843 277 0 16 399 544 898 423 
907: 841 461 896 286 240 45 801 875 687 120 150 808 235 762 863 908 
8: 588 743 188 269 143 803 433 950 975 580 718 773 665 717 939 369 98 540 928 716 760 765 396 653 
22: 588 764 625 416 930 896 911 98 790 1013 86 90 91 981 704 620 980 966 299 720 186 
106: 588 774 803 292 928 231 45 91 111 419 557 84 102 732 637 
227: 588 187 188 482 427 50 665 911 484 721 31 240 282 231 36 664 135 359 
310: 588 461 930 1011 292 959 979 589 
367: 588 774 698 601 
573: 588 766 516 308 928 231 240 91 241 738 543 169 341 230 206 
576: 588 605 949 644 570 838 252 286 92 982 104 366 492 837 886 
813: 588 743 187 188 461 642 692 15 64 193 61 346 767 482 384 763 893 647 580 718 719 665 416 717 930 939 987 59 119 202 484 514 721 419 790 1011 86 644 112 469 567 81 90 169 297 440 911 982 557 35 175 280 304 320 385 521 568 591 782 783 801 932 935 937 940 961 36 73 107 128 156 170 217 321 347 401 449 457 460 492 505 515 534 535 550 554 562 608 623 672 691 693 699 707 757 770 785 811 828 859 861 885 888 909 
361: 855 269 461 384 314 202 386 896 410 570 86 567 568 1015 115 
359: 855 386 896 410 227 25 91 801 296 149 
784: 855 384 386 896 410 610 86 69 91 
446: 602 766 774 64 575 767 482 314 516 763 433 309 718 719 773 665 717 294 926 930 999 57 119 139 706 878 254 896 440 985 1001 716 790 742 19 591 525 909 928 231 252 282 286 526 527 583 633 240 273 554 918 31 43 90 92 112 130 169 180 212 229 237 366 407 414 419 549 839 601 733 727 886 641 772 652 912 802 557 
272: 602 739 774 15 767 301 615 516 763 764 143 305 665 623 426 783 36 98 713 849 993 336 25 527 937 280 297 621 617 91 315 325 492 927 969 1016 110 349 962 14 104 183 257 582 466 745 604 760 477 675 676 
143: 602 743 38 15 767 615 516 763 764 617 98 665 1001 305 418 91 110 349 527 633 112 849 272 477 8 358 440 682 718 775 45 237 930 962 969 1016 3 14 25 36 50 59 127 139 320 198 582 336 719 466 828 851 745 325 492 621 877 623 909 910 875 163 283 542 869 675 543 426 300 691 730 760 
939: 602 739 743 187 188 461 516 803 718 625 773 665 717 930 98 86 202 849 47 8 536 45 813 828 59 73 85 95 111 342 456 561 655 664 875 
87: 602 335 909 130 876 142 268 153 432 569 956 20 662 
778: 602 975 665 667 1011 98 716 494 859 155 30 685 856 
905: 605 482 893 803 53 308 967 849 894 292 428 120 252 282 286 514 515 583 721 649 797 908 256 297 918 75 1008 0 10 16 100 101 111 203 212 363 364 381 399 499 544 551 558 628 639 700 728 814 843 846 869 903 
954: 605 64 36 849 258 259 846 31 92 558 93 219 
44: 739 774 740 270 959 364 552 919 
527: 739 642 482 516 143 271 294 930 1001 644 570 358 591 928 79 231 258 446 484 923 91 191 338 927 956 1013 48 90 216 232 272 273 366 420 429 430 438 467 720 850 732 852 868 875 876 631 633 775 671 801 682 
48: 739 527 121 241 543 341 976 805 490 
461: 743 917 187 188 269 926 930 939 1019 12 15 19 25 33 57 105 148 163 164 178 202 242 250 264 292 293 310 335 361 386 412 428 742 591 480 610 813 794 642 525 909 785 664 665 907 811 783 
926: 743 187 188 269 461 482 433 614 446 77 112 202 386 411 469 567 846 849 
112: 743 482 143 719 926 930 983 202 386 813 896 911 304 1011 707 25 514 722 765 86 828 446 935 110 876 941 962 85 699 205 320 609 877 127 372 421 
386: 743 187 461 6 301 893 880 433 614 773 926 202 86 570 112 965 982 1015 5 36 81 94 246 254 304 358 359 361 365 911 785 838 840 853 497 784 912 548 887 567 568 571 
932: 743 665 930 813 1011 890 224 385 876 982 730 183 699 521 888 157 205 
949: 743 38 146 187 188 269 692 665 240 876 567 47 427 556 61 304 568 803 36 62 693 33 173 259 301 329 336 512 576 598 686 830 
961: 743 774 665 813 258 282 568 18 938 801 349 815 760 276 898 
967: 743 188 880 522 427 718 717 983 139 905 31 39 282 231 984 237 621 760 890 898 636 
982: 743 193 767 384 148 718 625 665 717 930 386 813 896 985 1019 36 716 887 411 928 79 385 526 81 86 576 549 35 877 338 932 378 398 455 521 608 793 
983: 743 187 188 6 482 427 718 719 625 665 717 930 1011 31 39 112 928 358 536 984 967 36 45 80 101 126 155 166 237 292 316 466 525 557 564 677 694 760 837 851 858 
988: 743 187 269 692 946 64 803 550 
1000: 743 469 
1014: 743 774 38 767 91 297 516 763 568 336 758 260 43 
26: 743 642 718 717 119 277 568 252 341 
33: 743 38 146 187 188 461 642 949 286 767 98 556 95 424 346 732 
59: 743 187 188 642 346 767 516 501 143 433 939 286 86 876 202 846 849 81 581 568 621 632 794 813 828 935 937 940 36 941 951 609 672 
61: 743 38 146 187 188 269 642 949 6 15 64 193 98 238 665 305 644 876 633 202 433 614 718 930 940 993 1019 36 43 453 813 717 719 727 859 483 742 346 580 881 887 667 893 133 646 139 521 904 119 526 782 148 275 404 406 280 412 548 803 175 309 693 
64: 743 38 15 286 446 767 633 202 61 782 813 111 36 627 988 954 549 647 265 878 
73: 743 522 665 939 813 583 216 875 477 421 213 888 
85: 743 939 878 838 358 494 105 81 86 280 828 112 320 277 877 349 951 648 904 
95: 743 774 33 482 615 718 719 773 665 939 202 940 1011 98 258 828 616 617 699 492 
132: 743 188 269 6 575 568 198 
145: 743 665 98 351 
148: 743 774 38 146 187 188 269 461 61 626 763 764 633 77 982 930 35 975 1017 1019 582 554 621 623 505 283 426 685 304 887 436 
163: 743 187 188 269 461 767 482 143 665 484 98 240 849 568 621 699 287 421 1019 32 738 
175: 743 61 665 930 813 623 646 851 
193: 743 38 146 188 642 692 6 767 665 570 773 202 433 567 846 849 282 581 358 718 763 982 930 61 20 51 139 194 705 580 838 840 719 621 813 650 412 287 309 568 571 
275: 743 642 61 615 625 12 721 35 276 185 
287: 743 692 6 193 767 580 665 163 940 98 282 39 733 364 49 380 802 693 306 
304: 743 774 187 188 949 15 767 314 763 427 148 975 580 718 719 665 717 930 202 386 813 650 911 98 112 273 581 45 126 940 965 1019 80 292 716 342 365 908 909 693 783 
320: 743 482 615 516 893 143 718 719 242 625 665 717 930 119 202 813 502 1011 36 98 716 335 329 567 568 722 765 484 616 617 112 85 325 728 815 
356: 743 767 719 717 930 716 788 758 884 32 349 491 787 821 
362: 743 187 188 718 719 717 
410: 743 187 946 6 567 849 35 568 359 361 784 853 
436: 743 187 188 803 427 148 718 416 717 98 47 81 237 722 36 716 985 1019 101 736 
455: 743 982 
483: 743 187 188 269 61 615 625 665 119 616 617 237 277 280 467 940 641 
485: 743 774 187 188 269 957 625 665 717 237 716 
494: 743 188 271 665 878 1001 790 877 85 778 788 
501: 743 38 146 187 346 627 616 721 110 440 35 803 59 271 580 549 
526: 743 642 61 767 763 309 412 98 644 446 982 935 997 241 
548: 743 774 946 61 386 667 811 783 358 240 550 3 299 
550: 743 774 946 767 988 813 623 838 258 548 
626: 743 38 188 411 148 294 309 719 30 416 623 
647: 743 38 64 286 202 119 782 803 813 561 878 580 549 4 250 671 742 668 
664: 743 774 461 767 615 665 939 227 36 12 302 616 617 418 536 45 1016 62 104 421 425 791 
693: 743 946 949 61 718 719 813 304 570 838 358 128 287 295 581 237 860 
742: 743 269 461 692 61 647 718 614 625 271 416 294 119 896 36 446 477 35 265 340 863 762 
853: 743 386 410 849 111 
893: 743 38 146 692 946 61 346 286 905 98 665 644 202 386 433 567 846 849 718 930 35 320 568 801 813 111 166 495 512 625 667 694 904 
898: 743 774 803 271 665 416 717 967 105 801 903 699 198 961 424 991 430 457 608 683 759 
79: 873 774 642 928 191 527 982 20 671 417 231 515 205 541 453 852 599 156 687 
230: 873 98 928 231 240 69 121 241 92 169 237 659 7 84 155 181 573 232 637 266 281 
976: 873 351 477 48 
156: 873 813 79 241 366 557 84 487 
425: 873 774 314 516 718 298 480 664 240 280 91 241 543 169 341 338 749 857 547 
543: 873 774 767 482 314 615 763 764 143 294 911 308 1001 336 282 286 45 240 91 121 241 366 338 532 573 768 157 421 48 341 425 857 
852: 873 79 231 259 527 341 338 671 
970: 751 774 440 142 995 
978: 751 896 363 177 831 
177: 751 650 36 282 567 583 750 18 814 691 827 711 381 343 978 176 752 435 220 
528: 751 774 428 258 750 1008 18 584 343 524 832 749 697 
749: 751 774 750 32 528 882 425 376 752 
679: 766 642 314 763 309 665 930 878 896 440 391 292 224 282 86 191 240 313 92 733 56 80 111 318 492 729 730 758 888 802 
303: 895 774 615 568 937 828 617 18 214 839 142 701 544 535 378 
142: 895 522 86 295 616 617 839 303 87 970 
919: 774 665 1001 1011 98 790 419 711 44 238 472 882 
944: 774 60 
966: 774 625 271 930 133 911 298 790 451 282 1013 91 981 277 238 22 274 720 952 108 186 299 478 
969: 774 615 143 25 231 240 616 758 733 272 213 
974: 774 849 
992: 774 718 440 128 828 180 492 923 42 
1003: 774 
1015: 774 6 386 570 838 358 361 721 
5: 774 386 623 887 70 94 
7: 774 575 1019 231 282 617 318 84 230 682 
12: 774 461 615 98 616 617 418 628 924 1002 590 214 612 613 664 758 382 892 392 649 270 275 150 282 45 185 
28: 774 294 740 62 925 
39: 774 803 718 719 773 983 650 967 36 928 231 286 515 583 698 721 287 828 920 31 929 32 198 74 214 723 479 865 237 166 245 535 553 167 564 439 316 
43: 774 1014 61 615 625 665 1011 849 400 621 705 446 270 709 733 798 213 377 
57: 774 187 188 461 665 446 98 621 815 860 
58: 774 
60: 774 849 561 111 846 32 944 207 746 702 82 182 
80: 774 983 896 440 304 47 679 218 31 802 217 32 316 564 
96: 774 570 358 69 238 624 
104: 774 570 838 664 282 583 576 354 886 272 635 542 840 3 186 837 152 809 
107: 774 692 615 813 616 617 584 910 
131: 774 667 525 86 938 183 943 
168: 774 730 
174: 774 47 252 86 652 876 334 859 759 
186: 774 625 271 911 790 164 335 633 1013 91 981 126 876 417 22 966 104 720 299 4 
192: 774 580 665 717 896 1011 98 396 385 633 1013 86 125 91 214 62 
205: 774 79 282 86 828 691 112 277 876 877 349 932 157 195 
210: 774 45 378 
213: 774 930 98 25 164 252 649 45 86 536 828 733 43 237 839 325 660 771 969 1016 421 24 73 776 
247: 774 838 45 91 801 150 815 138 511 
261: 774 665 
290: 774 188 658 648 
295: 774 692 98 849 428 286 45 126 318 693 142 23 
300: 774 143 803 790 591 231 568 762 989 150 825 319 847 
307: 774 889 740 711 934 687 
330: 774 930 993 129 876 661 493 144 323 800 331 497 
335: 774 461 880 985 66 320 585 87 186 
339: 774 187 482 615 516 718 625 484 514 616 617 721 1008 570 567 282 358 798 45 212 568 571 838 845 111 252 428 62 840 259 258 583 120 27 37 306 709 723 639 515 392 541 542 814 
347: 774 813 652 876 108 182 
360: 774 718 717 999 
365: 774 386 911 304 47 292 722 554 828 255 
369: 774 187 188 803 665 706 477 8 911 277 467 
371: 774 385 816 34 521 
372: 774 911 45 86 536 90 709 112 
390: 774 516 764 717 930 928 617 91 758 325 876 816 421 418 
392: 774 482 615 339 12 428 282 286 514 567 568 721 45 484 814 212 169 334 150 228 
401: 774 813 849 846 
406: 774 61 133 707 240 37 478 404 405 523 
408: 774 909 130 
451: 774 188 763 773 665 930 139 706 878 238 876 77 277 280 935 966 649 
465: 774 36 250 120 129 252 282 721 1008 203 31 118 147 697 702 
473: 774 719 282 128 237 108 822 
502: 774 187 188 320 
530: 774 1008 222 
533: 774 314 665 1011 98 839 771 604 
542: 774 143 665 339 1019 36 98 259 282 536 111 414 104 
547: 774 349 425 697 448 
552: 774 482 44 
561: 774 188 647 665 939 730 60 534 
574: 774 38 146 621 812 
597: 774 
622: 774 351 
631: 774 231 527 366 487 
632: 774 692 482 580 665 930 59 139 36 849 525 258 259 617 846 18 111 150 278 327 422 466 478 558 760 886 
645: 774 819 441 
660: 774 482 412 358 480 129 567 868 937 240 828 484 834 477 213 201 840 662 
661: 774 309 740 1008 123 927 381 330 844 
672: 774 59 813 336 81 69 
673: 774 81 
701: 774 575 297 351 303 150 760 
712: 774 896 91 222 925 223 157 
722: 774 642 767 930 436 47 98 644 282 112 320 935 365 535 656 801 726 
725: 774 583 721 509 998 89 453 
747: 774 45 217 
748: 774 214 414 144 
758: 774 1014 482 516 706 12 285 286 679 864 876 390 768 356 467 781 812 859 884 965 364 791 578 198 969 46 109 229 511 863 901 
772: 774 803 930 790 231 446 111 709 277 1002 704 771 
776: 774 706 849 358 428 273 18 37 354 941 656 213 83 677 
779: 774 615 86 240 297 616 617 351 590 
824: 774 850 670 
825: 774 930 875 300 
826: 774 294 609 234 
837: 774 983 838 358 282 567 568 273 90 576 92 886 104 138 
839: 774 289 446 876 144 213 303 604 198 142 989 115 533 582 
878: 774 187 188 269 64 314 763 647 665 446 616 617 98 86 876 81 282 440 981 277 280 451 679 730 812 874 877 965 861 85 620 704 34 127 196 204 253 306 397 438 494 534 691 745 
881: 774 61 975 440 120 224 691 354 802 730 823 799 945 770 204 324 818 
886: 774 482 516 47 231 649 240 621 632 446 484 214 576 837 104 312 
880: 774 38 146 187 269 386 282 427 980 911 981 930 334 621 956 967 299 335 416 450 620 704 
914: 774 45 
799: 774 522 896 993 224 802 730 238 980 232 599 624 945 204 881 818 
892: 774 298 12 252 282 286 698 69 214 382 989 160 
901: 774 214 758 31 160 
917: 38 146 187 188 269 461 642 692 
301: 38 188 949 790 386 272 427 658 525 
384: 38 188 269 86 418 202 47 440 718 982 412 717 803 813 828 719 361 648 784 
627: 38 946 64 346 906 125 51 416 501 623 
915: 38 665 77 930 71 134 352 
556: 38 146 187 188 269 949 33 615 803 427 616 617 282 928 36 119 136 256 270 336 442 801 
975: 146 187 188 269 148 950 8 304 881 214 580 650 778 785 
614: 146 692 957 61 346 433 718 719 419 876 926 386 36 105 412 742 717 
495: 146 692 893 309 411 35 49 
271: 146 188 615 501 427 286 514 790 527 876 849 282 652 911 334 412 467 720 877 966 36 336 956 135 186 351 740 742 494 373 898 299 
987: 187 314 297 594 813 62 351 135 199 322 
999: 187 188 803 773 665 446 923 945 62 92 224 231 260 331 342 360 440 491 601 733 802 868 896 
133: 187 188 61 91 45 966 478 404 405 406 523 
139: 187 188 193 61 615 143 625 773 446 570 644 633 567 358 451 568 571 621 632 794 838 840 20 967 326 549 430 432 
475: 187 188 
623: 187 188 626 627 143 148 665 813 272 175 783 550 650 5 70 134 
254: 187 188 269 767 763 718 665 930 386 446 985 36 101 794 351 716 
785: 187 188 461 642 482 314 433 975 625 773 665 412 202 386 813 650 86 621 780 252 149 439 
426: 187 188 269 6 767 314 143 427 148 302 584 86 272 477 237 621 512 729 740 288 546 
811: 187 188 461 718 665 717 813 1011 86 297 658 682 45 428 548 562 
794: 187 188 269 461 692 946 767 665 930 59 139 202 254 98 1011 477 521 782 685 793 
783: 187 188 269 461 642 6 767 516 763 764 665 717 930 813 623 304 286 514 98 711 86 91 644 876 567 272 90 231 568 257 281 336 548 624 870 788 
942: 188 92 578 604 
653: 188 269 719 8 716 396 
707: 188 642 813 298 644 876 112 682 277 280 467 935 406 649 
713: 188 950 580 272 283 
780: 188 773 412 930 202 785 997 549 
861: 188 763 665 813 878 98 859 877 938 34 321 342 830 856 904 
887: 188 61 309 148 386 47 98 982 126 352 5 94 172 
894: 188 905 351 352 993 544 
391: 188 767 50 665 536 280 679 935 869 850 
396: 188 269 6 53 650 8 653 238 111 192 284 788 
476: 188 665 240 449 
538: 188 803 773 665 699 
200: 269 86 536 
788: 269 803 665 412 783 396 494 419 356 649 445 
105: 461 614 1019 567 682 828 85 898 649 989 847 685 
250: 461 647 628 876 351 465 150 796 629 
264: 461 98 965 429 
293: 461 676 
610: 461 575 482 615 644 358 164 616 617 1010 621 760 828 935 609 101 114 203 252 393 596 847 784 659 676 678 
129: 642 993 144 493 330 331 660 3 323 800 497 465 
329: 642 949 718 202 909 86 355 81 320 828 
385: 642 692 665 930 813 667 1011 890 525 86 91 982 932 34 192 371 699 460 862 624 888 521 432 691 
619: 642 643 644 514 515 
750: 642 358 280 177 528 749 
765: 642 575 950 719 665 8 36 98 928 112 1005 101 277 320 512 
868: 642 482 999 928 231 527 62 270 660 733 865 
797: 642 36 644 428 120 252 302 905 1008 920 207 45 891 
908: 642 304 336 907 905 45 280 235 
170: 692 6 482 294 202 813 790 849 480 567 568 484 652 658 775 828 342 62 492 606 
194: 692 946 193 86 581 740 
216: 692 527 888 73 218 
218: 692 482 615 309 665 216 733 571 16 802 952 80 214 217 827 589 492 241 630 656 443 
256: 692 482 427 556 580 665 308 36 570 838 258 259 282 286 633 905 111 354 840 700 270 487 656 
267: 692 
375: 692 258 1008 903 
509: 692 882 111 725 910 
518: 692 763 522 909 252 86 477 351 32 442 
554: 692 148 665 813 282 86 289 297 446 238 31 91 581 981 781 318 351 179 327 365 
782: 692 946 6 64 61 647 53 930 813 794 86 125 280 965 321 413 759 859 
740: 692 15 271 426 889 194 44 28 661 980 307 62 414 520 462 490 500 618 844 777 819 
705: 692 946 6 193 580 665 308 259 567 568 297 621 1010 935 111 609 43 217 656 704 
161: 946 346 440 570 838 283 
281: 946 783 231 240 241 150 230 
316: 946 983 716 45 39 237 126 80 984 858 677 166 402 344 
398: 946 119 982 618 
585: 946 522 440 335 
670: 946 824 
791: 946 314 940 664 758 169 877 481 
173: 949 6 763 433 580 202 336 
512: 949 482 893 718 719 625 426 36 47 98 570 838 336 765 484 
598: 949 270 351 876 910 
686: 949 15 314 238 
830: 949 861 633 321 521 859 
491: 957 773 665 999 356 191 
694: 957 893 718 983 985 1011 
727: 6 61 346 718 717 706 621 446 
507: 6 575 47 649 882 
732: 33 575 718 644 19 480 527 240 91 111 557 106 637 232 102 49 
812: 574 930 878 616 617 758 882 654 
859: 61 665 717 930 813 861 782 212 214 758 778 321 682 174 830 
646: 61 86 175 741 
521: 61 665 930 813 794 385 280 277 728 982 932 371 830 793 
904: 61 893 773 667 838 861 358 567 467 85 
997: 575 767 763 644 780 526 394 
99: 575 428 286 302 567 568 21 729 847 697 368 702 
221: 575 98 621 91 656 541 
847: 575 896 47 411 105 610 280 99 253 351 594 300 682 393 68 4 49 171 
731: 575 
733: 346 482 314 665 999 119 36 790 252 302 721 868 679 45 218 287 289 621 446 484 18 37 959 2 69 691 354 867 246 981 929 557 969 43 102 114 135 213 352 407 443 596 620 704 723 730 807 870 910 
283: 346 143 148 713 161 234 
918: 767 482 615 286 302 514 721 75 446 484 616 617 756 905 1008 
445: 767 788 876 467 
460: 767 665 813 385 562 
541: 767 665 339 896 1011 428 79 120 282 514 515 583 721 814 203 92 341 221 357 
711: 767 516 763 764 294 783 336 86 91 919 177 307 
815: 767 427 57 1001 1019 909 231 86 801 320 352 676 311 760 961 943 247 
860: 767 665 57 119 336 224 633 843 123 438 693 68 152 761 
658: 301 811 290 928 170 297 91 172 
941: 482 59 202 81 86 828 112 776 
29: 482 294 98 91 313 845 
100: 482 615 308 428 120 282 286 302 514 567 568 721 75 484 905 1008 270 212 723 
179: 482 625 665 282 1013 86 273 297 554 581 738 318 351 477 
243: 482 709 422 
270: 482 615 427 556 12 259 868 45 256 621 75 616 617 90 44 628 477 126 728 111 598 100 43 328 204 442 443 
315: 482 706 36 716 838 258 633 721 273 237 272 851 
325: 482 143 625 773 665 570 993 25 45 617 320 272 390 213 421 492 394 
342: 482 665 939 999 304 790 861 525 224 259 170 621 484 368 229 62 681 151 730 198 492 370 373 654 656 786 
609: 482 615 50 718 625 717 59 47 610 252 567 568 621 705 484 616 617 935 801 112 760 423 826 678 
656: 482 615 570 849 358 224 259 722 218 256 828 705 484 616 617 846 62 342 493 776 520 108 221 
700: 482 258 259 256 905 111 981 418 876 234 
723: 482 50 339 258 259 282 721 484 100 39 733 699 
771: 482 1011 358 336 567 568 621 828 484 111 709 801 772 213 533 671 745 
777: 482 665 240 740 121 557 724 
834: 482 258 259 567 568 484 111 660 882 923 20 
884: 482 930 525 617 111 758 882 876 77 356 781 236 413 492 759 787 822 
499: 482 583 649 905 628 558 403 
532: 482 294 525 928 231 72 240 536 91 121 543 84 421 768 851 
418: 384 143 298 12 664 621 801 700 421 390 885 470 921 340 682 
648: 384 718 719 665 202 290 86 828 85 
149: 314 785 72 359 
255: 314 803 294 644 351 500 470 276 365 535 689 
422: 314 665 911 36 849 1013 632 617 233 981 123 243 704 888 965 395 589 
754: 314 650 621 10 
1016: 615 143 433 119 1019 664 617 272 213 421 851 
130: 615 298 909 446 770 87 288 408 
212: 615 665 930 119 202 339 790 428 120 286 514 721 649 446 616 617 905 1008 18 100 203 584 628 214 857 859 392 549 
728: 615 930 1019 282 567 568 649 616 617 905 270 320 628 521 500 730 
798: 615 427 339 849 993 928 43 
816: 615 313 351 652 390 371 
659: 615 717 610 231 240 241 601 230 459 378 
30: 626 412 36 536 70 965 434 778 
836: 764 86 624 
166: 893 294 983 985 716 39 31 237 500 54 984 858 677 316 167 486 564 439 
334: 880 271 665 930 828 392 477 882 174 
299: 880 625 271 416 911 790 1013 981 876 704 877 620 965 417 22 966 980 186 548 720 108 595 608 430 
4: 647 876 417 186 20 847 
671: 647 79 231 527 91 771 191 852 
668: 647 
962: 143 716 111 112 272 
14: 143 617 272 
127: 143 878 896 45 91 112 126 876 877 
582: 143 148 358 525 839 272 
466: 143 718 983 36 621 632 272 477 155 760 
851: 143 718 719 625 717 983 36 716 649 45 273 536 315 532 1016 175 760 
910: 143 72 86 107 509 828 90 489 733 571 474 586 41 590 598 20 103 600 
875: 143 665 939 570 25 428 907 286 527 721 814 203 843 366 831 825 870 73 655 0 266 278 421 423 453 757 817 883 
869: 143 391 621 905 877 
675: 143 272 888 312 
54: 522 1011 716 45 31 423 166 
662: 522 282 641 802 660 862 569 122 87 
535: 522 813 644 716 282 722 1013 814 39 31 303 635 255 
71: 915 47 567 69 
134: 915 412 623 514 
842: 803 240 62 923 
249: 803 930 896 790 989 123 876 
579: 803 
469: 427 51 926 813 98 849 358 86 35 1000 
151: 427 416 440 790 993 231 259 567 568 1013 86 581 867 62 342 277 927 965 980 654 23 144 862 497 153 232 
442: 427 556 51 716 259 518 616 270 111 
563: 427 718 719 412 717 298 716 567 568 354 277 477 876 467 936 729 
136: 556 706 286 137 273 97 
456: 309 939 
505: 148 202 813 1011 47 98 86 91 699 198 
720: 950 625 271 930 911 790 282 527 1013 581 652 981 22 966 186 299 956 
755: 950 
506: 50 164 
278: 580 940 47 621 632 875 341 338 
94: 580 386 887 5 172 
191: 718 294 308 98 525 928 79 231 527 649 679 91 241 366 237 730 923 984 338 491 487 671 
66: 718 930 993 335 581 628 823 
235: 718 907 908 854 
251: 718 717 716 467 
311: 718 719 412 416 617 234 815 
500: 718 719 721 86 240 740 241 728 166 255 
984: 719 717 983 967 985 716 928 45 280 536 31 237 126 191 155 166 316 564 677 858 
312: 719 716 313 31 414 886 595 675 
413: 719 625 633 782 111 884 759 781 787 443 
423: 719 633 297 801 875 351 414 609 352 903 624 54 55 234 979 
429: 719 264 527 477 
539: 242 930 525 
793: 625 794 909 982 521 
920: 305 797 39 31 207 223 584 831 891 
167: 773 39 166 564 439 486 
248: 773 930 282 90 652 421 23 
470: 773 665 98 86 297 37 351 126 418 255 724 
885: 773 717 813 940 849 568 937 297 617 1008 709 846 351 635 418 
373: 271 649 652 342 
922: 665 
934: 665 36 567 568 128 828 1002 955 116 307 382 479 865 963 
943: 665 202 667 440 86 828 938 801 815 183 131 
11: 665 965 108 
40: 665 828 
65: 665 
268: 665 440 292 231 86 87 122 
276: 665 644 275 961 255 
321: 665 294 813 861 828 782 859 830 
395: 665 98 69 422 109 862 
417: 665 202 79 1008 299 186 4 
613: 665 412 12 568 438 378 
618: 665 740 398 
654: 665 790 313 229 62 342 812 714 508 681 151 
674: 665 940 1011 570 336 81 801 989 
676: 665 293 610 583 86 616 617 214 351 62 272 882 628 888 815 
786: 665 62 342 
807: 665 98 733 710 
817: 665 282 875 481 332 
871: 665 581 687 
897: 665 
153: 416 440 790 993 1013 581 867 277 927 965 980 151 87 862 323 234 810 
726: 416 849 258 259 722 45 111 846 
569: 416 86 862 770 87 350 662 
810: 416 153 
21: 717 930 252 286 81 18 808 814 99 421 
37: 717 339 1019 452 252 273 75 628 237 733 776 354 492 470 630 406 
376: 717 849 358 86 846 566 123 639 749 370 
523: 717 133 745 406 404 478 405 
752: 717 177 749 835 
888: 294 930 813 911 1011 178 385 679 216 280 581 2 867 123 492 277 676 422 827 933 699 562 932 73 862 323 345 531 675 
9: 930 480 282 122 17 49 
83: 930 776 697 102 
183: 930 667 98 86 828 938 272 932 943 131 
274: 930 298 98 525 231 282 633 86 91 652 277 540 966 
343: 930 258 368 528 177 697 702 147 159 
517: 930 581 746 
524: 930 528 697 702 
781: 930 570 358 554 758 884 421 759 413 787 
874: 930 878 420 
938: 930 667 861 428 286 81 86 828 876 183 131 382 624 961 943 
972: 930 282 649 214 882 
986: 930 
677: 983 570 273 31 776 984 316 636 166 564 402 559 
858: 983 31 984 316 166 564 
199: 987 909 237 
322: 987 36 25 621 882 760 592 531 
951: 59 1011 98 157 85 
863: 119 896 742 907 111 738 758 
762: 119 896 742 907 286 827 300 
741: 119 224 937 81 86 828 604 646 599 687 
478: 133 632 966 406 404 405 523 
405: 133 406 404 478 523 
326: 139 224 282 240 624 432 
979: 706 896 310 273 423 
558: 706 428 721 621 632 905 214 499 628 93 954 381 519 
843: 706 202 896 286 273 905 111 875 0 544 903 860 
27: 339 876 882 
306: 339 878 287 876 877 135 
639: 339 120 905 1008 808 872 376 
246: 386 36 164 302 111 233 775 981 733 76 97 833 544 600 
497: 386 993 129 493 330 151 144 331 234 323 800 
912: 386 896 790 993 336 581 864 446 69 927 744 802 
449: 813 476 253 
457: 813 126 898 678 
534: 813 878 561 635 
757: 813 875 
196: 878 909 90 876 421 
397: 878 876 877 
122: 896 890 231 69 549 876 268 862 9 662 
195: 896 911 909 691 965 349 205 
630: 896 231 649 86 218 581 37 313 
995: 650 970 
380: 650 287 144 
443: 650 909 218 270 733 421 413 
640: 650 775 
651: 911 36 336 691 477 
439: 785 39 31 32 245 166 167 486 
344: 440 47 336 802 316 
414: 440 740 446 691 696 628 870 955 312 866 423 542 748 827 
900: 440 721 913 
862: 440 790 428 385 583 111 203 867 277 965 395 980 151 153 888 578 122 569 662 
584: 426 72 107 621 111 212 318 850 528 823 920 
288: 426 308 909 81 86 354 130 492 
546: 426 790 909 621 467 
206: 308 928 231 573 
366: 308 231 286 527 446 241 576 191 875 543 156 663 631 
736: 436 277 
234: 940 567 568 700 311 10 826 153 629 687 423 497 283 
578: 942 849 758 368 549 862 432 
636: 967 677 
140: 1011 259 682 
551: 1011 905 
734: 1011 
513: 1019 1017 768 
41: 36 849 69 846 910 924 
176: 36 177 479 
46: 36 758 
56: 36 679 744 
493: 98 993 129 656 927 144 323 330 331 800 497 
172: 716 358 887 658 94 
481: 790 45 400 536 238 791 608 817 
663: 790 366 238 865 487 
882: 790 1013 509 351 407 834 884 352 812 676 919 955 972 24 27 260 322 334 507 562 749 845 
1006: 570 358 568 
458: 570 909 567 568 
508: 838 525 121 419 654 
971: 849 846 
973: 849 846 
350: 849 569 348 
399: 849 905 111 0 16 544 903 
531: 849 126 322 888 
555: 849 
566: 849 259 282 286 111 376 444 
835: 849 621 752 
856: 861 111 778 
737: 358 282 652 74 
520: 889 740 62 656 467 152 964 
454: 890 419 876 
544: 894 258 259 567 568 289 864 905 111 843 246 303 833 0 16 399 97 348 448 903 
284: 396 32 
612: 993 12 428 909 231 286 125 581 925 62 144 354 759 
603: 993 
683: 993 898 348 
998: 993 725 144 378 
479: 452 282 39 123 934 176 687 
415: 336 282 277 
924: 12 474 41 590 
590: 12 477 779 421 474 586 910 924 
382: 12 428 649 938 214 892 1002 150 934 
796: 250 876 628 
629: 250 649 801 313 234 
116: 428 203 934 
2: 428 282 286 45 536 126 237 733 829 888 
181: 480 649 240 241 230 
266: 480 240 241 696 875 230 459 165 
393: 610 137 240 847 
678: 610 609 457 
808: 907 120 282 286 568 75 21 704 639 814 
138: 928 247 837 637 
768: 928 91 121 758 543 419 775 532 513 
929: 928 282 45 536 39 121 733 237 557 126 222 829 
75: 120 282 286 567 568 721 918 1008 18 37 90 270 808 905 814 100 
818: 224 802 730 799 881 770 204 729 
936: 231 633 965 563 
420: 231 527 240 69 874 
355: 282 329 86 877 921 
952: 282 218 801 966 872 20 684 
209: 282 
689: 282 255 
715: 282 876 338 624 991 
948: 286 617 
263: 286 989 
158: 302 959 69 253 144 150 666 
714: 633 617 492 219 654 333 
88: 721 955 
244: 649 32 
471: 649 374 
560: 649 
669: 649 214 628 
891: 797 697 920 207 78 
16: 937 218 905 368 0 544 903 399 
586: 937 45 86 240 828 590 910 
327: 1013 554 632 328 559 
947: 45 536 237 126 
829: 45 2 126 929 
337: 81 
921: 86 355 418 
953: 86 876 370 
108: 86 828 341 656 185 966 11 347 473 299 735 115 680 
220: 137 177 
162: 240 691 687 688 
572: 240 
487: 256 191 663 631 156 
607: 273 378 374 
913: 273 801 827 900 899 
789: 273 438 
1020: 297 833 
744: 581 912 624 56 
152: 621 233 253 860 104 681 520 
462: 740 
490: 740 121 48 
844: 740 661 
996: 864 
635: 616 885 535 104 534 
769: 616 
634: 617 
0: 905 843 875 16 544 903 399 
381: 905 558 661 177 
753: 18 203 237 628 697 
103: 18 910 118 
511: 90 758 237 247 448 
245: 39 31 702 225 806 439 
879: 69 
565: 69 
695: 111 
157: 214 543 296 951 932 222 205 712 553 
370: 214 601 62 342 827 953 376 
990: 233 
154: 691 955 236 
160: 738 892 901 68 
820: 318 
883: 875 
228: 392 421 872 787 
444: 566 
666: 158 144 
76: 246 
377: 43 
42: 180 745 992 
866: 414 
638: 601 802 
690: 981 704 620 965 980 
118: 123 465 197 103 
394: 325 997 
236: 884 154 
787: 884 876 356 262 759 781 413 228 
822: 884 198 473 537 
463: 492 823 
403: 499 
357: 541 
378: 303 438 659 982 613 210 998 607 680 
113: 876 150 
1009: 421 
680: 421 108 378 
611: 421 
333: 714 
958: 965 
435: 594 177 23 770 
488: 833 97 
89: 725 144 324 
279: 604 
931: 10 
348: 544 350 683 
448: 544 547 511 
832: 528 
319: 109 300 
537: 198 822 
902: 84 
171: 589 219 847 
963: 934 
1004: 760 804 592 
991: 898 715 703 
13: 23 144 402 
182: 60 347 
809: 104 
441: 645 
223: 712 920 503 
968: 865 211 
159: 697 343 
496: 697 804 
708: 697 
592: 322 770 1004 
379: 97 
468: 770 
78: 207 891 
503: 223 
402: 677 553 316 13 67 854 
486: 166 564 439 167 447 67 
688: 162 
165: 266 
795: 956 
374: 607 471 
899: 913 
684: 952 593 
854: 235 402 
409: 345 
964: 520 
239: 324 504 
67: 402 486 
593: 684 960 
960: 593 
