1
5
6
8
9
10
12
15
18
20
23
31
32
33
35
36
38
39
43
44
45
47
48
50
51
52
59
60
61
62
64
69
72
75
79
81
84
85
86
87
90
91
92
98
101
102
104
108
109
111
112
119
120
121
123
125
126
128
129
135
136
138
139
142
143
144
146
148
150
151
153
157
166
169
174
177
183
186
187
188
189
193
198
202
203
207
212
213
214
218
219
222
224
230
231
232
233
234
237
238
240
241
245
246
252
253
255
256
258
259
266
269
270
271
272
273
277
280
282
286
287
292
294
297
298
299
300
302
303
304
307
308
309
312
313
314
316
317
318
320
322
323
324
325
336
338
339
341
342
346
349
351
354
356
358
359
361
363
366
368
376
378
385
386
388
389
396
402
406
411
412
414
416
418
419
421
423
426
427
428
432
433
434
440
446
452
461
464
465
467
470
474
477
480
481
482
484
486
487
492
493
498
514
516
520
521
522
523
525
527
528
529
536
540
541
543
544
545
547
548
549
554
557
558
559
564
567
568
570
575
576
580
581
583
588
589
590
599
601
604
606
608
610
615
616
617
620
621
623
624
625
628
632
633
635
642
644
647
649
650
652
654
658
660
661
662
664
665
667
679
682
687
691
692
697
698
699
702
704
705
706
709
716
717
718
719
721
722
725
729
730
732
733
738
740
742
743
749
751
758
759
760
763
764
766
767
770
771
773
774
775
776
778
782
783
784
785
787
790
794
801
802
803
804
813
814
815
823
827
828
833
838
839
841
846
847
849
850
851
860
861
862
865
872
873
875
876
877
878
880
881
882
884
887
888
890
892
893
896
898
903
905
907
909
910
911
912
915
920
923
925
926
928
930
934
935
937
938
939
940
945
946
949
950
955
956
957
959
965
966
980
981
982
983
984
985
989
993
997
999
1001
1005
1007
1008
1011
1013
1017
1019
