6
21
23
24
28
31
34
40
45
47
48
49
66
78
81
86
87
95
105
109
111
114
115
129
134
137
139
140
141
146
151
154
155
171
181
187
188
189
192
198
201
208
214
217
224
227
233
242
247
255
256
267
273
277
288
294
301
306
313
315
320
327
332
339
345
350
351
352
359
361
364
365
376
382
385
392
400
416
421
425
426
431
435
441
442
443
444
447
448
453
462
470
480
481
492
494
495
496
497
500
514
518
522
529
532
535
536
539
558
561
564
575
585
587
592
596
600
601
603
605
615
624
633
634
636
637
643
644
655
656
669
674
675
678
681
683
684
689
698
703
714
715
721
724
725
733
742
744
746
747
752
754
757
763
766
778
780
782
793
794
802
805
816
825
831
840
846
854
855
860
862
865
877
880
881
883
888
894
897
913
915
916
918
919
920
925
931
932
936
943
944
945
956
961
962
970
972
973
988
990
993
997
999
1005
1019
1020
1031
1056
1058
1065
1076
1079
1080
1088
1101
1102
1105
1108
1109
1113
1120
1121
1131
1134
1146
1148
1150
1153
1164
1169
1171
1172
1173
1177
1183
1184
1185
1189
1191
1194
1200
1201
1203
1210
1214
1216
1221
1240
1246
1252
1256
1267
1268
1270
1283
1284
1290
1293
1294
1299
1307
1309
1319
1322
1323
1329
1333
1335
1337
1341
1346
1354
1360
1366
1381
1389
1394
1396
1400
1406
1411
1415
1419
1425
1439
1443
1446
1447
1448
1456
1459
1465
1466
1471
1475
1476
1479
1484
1486
1494
1499
1500
1502
1503
1507
1509
1516
1521
1523
1525
1531
1536
1541
1545
1546
1557
1563
1581
1584
1585
1586
1593
1599
1607
1609
1610
1615
1625
1630
1633
1635
1637
1639
1640
1646
1647
1656
1658
1662
1664
1672
1675
1676
1682
1692
1703
1705
1708
1709
1711
1712
1739
1740
1744
1746
1747
1752
1753
1757
1760
1767
1771
1776
1779
1784
1791
1800
1801
1804
1805
1807
1820
1822
1829
1830
1835
1843
1845
1847
1850
1855
1867
1877
1908
1912
1915
1916
1919
1922
1924
1930
1932
1935
1937
1939
1946
1955
1963
1972
1978
1989
1991
1999
2001
2013
2014
2024
2038
2042
2051
2057
2059
2061
2066
2074
2078
2079
2083
2095
2096
2100
2118
2119
2122
2125
2140
2143
2144
2146
2153
2155
2161
2169
2177
2183
2184
2189
2207
2210
2211
2213
2216
2223
2232
2236
2237
2238
2242
2244
2253
2254
2260
