4
9
13
16
21
22
23
24
25
28
32
36
40
43
45
47
61
62
66
67
69
72
73
76
78
79
81
83
86
95
101
105
109
112
115
117
118
125
126
127
128
129
133
134
135
139
146
147
149
152
154
155
156
159
167
168
169
170
172
176
179
182
183
187
188
189
192
195
201
204
205
210
214
217
223
230
233
234
235
238
239
240
242
243
248
250
252
262
263
265
266
267
268
269
270
271
273
277
278
283
286
289
292
297
300
302
303
304
305
306
308
309
310
313
318
319
320
321
325
329
331
332
334
336
337
338
339
342
344
345
349
351
352
353
354
357
361
362
364
365
366
367
368
377
380
382
383
385
386
387
388
390
391
392
397
398
399
400
403
405
406
411
416
418
425
427
429
430
431
432
434
435
437
441
442
443
444
446
448
453
455
458
459
460
461
462
463
470
472
476
478
479
480
482
485
486
488
490
495
496
497
498
500
501
502
503
504
505
508
509
514
518
521
522
524
530
536
542
544
545
546
547
550
554
558
564
569
574
575
576
579
580
581
582
584
585
587
588
589
594
596
600
602
603
605
606
607
609
610
611
615
616
620
623
629
632
633
634
635
636
638
639
646
649
663
665
666
667
668
669
671
673
674
678
679
684
686
687
689
690
702
703
704
705
708
712
713
714
715
718
719
724
726
731
734
735
737
739
742
744
746
747
748
749
750
752
754
755
759
761
762
764
767
771
776
778
781
782
793
794
799
802
803
805
810
814
815
816
823
825
829
830
838
845
846
847
849
850
852
854
858
860
862
863
864
865
869
871
874
875
877
878
879
880
882
893
894
896
897
898
910
912
913
914
915
916
917
918
919
920
921
924
927
928
930
934
936
937
940
942
944
946
947
948
949
950
951
955
956
961
963
971
972
974
975
978
979
983
986
990
992
995
997
1003
1006
1007
1021
1023
1025
1026
1028
1036
1038
1040
1041
1042
1043
1050
1053
1055
1056
1057
1060
1061
1062
1064
1065
1066
1067
1071
1072
1073
1075
1087
1090
1091
1092
1094
1095
1097
1100
1101
1102
1103
1104
1108
1109
1110
1111
1112
1113
1117
1119
1122
1127
1130
1131
1136
1137
1138
1139
1141
1142
1147
1148
1153
1154
1158
1162
1172
1173
1177
1184
1185
1186
1189
1191
1194
1195
1197
1199
1205
1207
1210
1212
1213
1214
1215
1218
1227
1230
1231
1233
1234
1236
1238
1241
1242
1243
1246
1250
1251
1256
1257
1258
1259
1260
1261
1262
1264
1266
1270
1273
1277
1281
1283
1287
1290
1293
1295
1296
1297
1305
1310
1311
1314
1315
1318
1319
1321
1322
1323
1325
1326
1335
1340
1343
1344
1346
1347
1348
1349
1354
1357
1358
1360
1362
1366
1367
1368
1374
1388
1389
1392
1393
1394
1396
1402
1404
1408
1409
1410
1412
1414
1415
1416
1418
1419
1420
1421
1423
1426
1427
1428
1430
1434
1437
1439
1442
1443
1446
1447
1450
1451
1452
1454
1462
1463
1464
1466
1469
1470
1471
1474
1476
1477
1478
1479
1481
1482
1484
1485
1486
1487
1488
1491
1492
1493
1497
1500
1502
1505
1509
1516
1517
1518
1525
1526
1530
1531
1535
1537
1539
1542
1543
1545
1547
1550
1551
1552
1555
1557
1558
1561
1563
1567
1568
1570
1571
1572
1577
1581
1583
1585
1586
1590
1593
1594
1595
1599
1602
1604
1609
1611
1612
1615
1616
1617
1618
1619
1621
1624
1627
1628
1633
1634
1635
1636
1637
1638
1639
1643
1644
1646
1647
1649
1652
1653
1654
1662
1663
1664
1667
1668
1674
1675
1676
1682
1685
1687
1689
1690
1691
1699
1700
1706
1707
1711
1719
1720
1721
1722
1723
1725
1729
1730
1731
1732
1736
1738
1739
1740
1741
1743
1745
1748
1751
1752
1754
1757
1760
1761
1765
1770
1773
1774
1775
1776
1778
1779
1780
1781
1782
1784
1789
1791
1796
1798
1800
1804
1805
1806
1807
1810
1811
1812
1818
1824
1835
1836
1838
1842
1845
1847
1848
1849
1851
1859
1860
1862
1868
1870
1872
1874
1876
1877
1882
1883
1884
1886
1892
1894
1896
1899
1901
1902
1903
1905
1912
1913
1914
1923
1924
1927
1930
1931
1932
1934
1935
1936
1941
1943
1944
1945
1950
1952
1955
1957
1958
1968
1978
1979
1980
1982
1983
1984
1988
1991
1992
1993
1994
1995
1998
2000
2001
2002
2005
2006
2014
2017
2018
2019
2021
2022
2028
2034
2036
2037
2042
2043
2044
2045
2046
2051
2053
2059
2060
2062
2067
2069
2072
2074
2078
2079
2082
2084
2085
2086
2087
2092
2102
2103
2106
2109
2110
2111
2112
2113
2119
2120
2121
2124
2125
2128
2129
2141
2144
2145
2146
2153
2155
2159
2162
2172
2173
2175
2179
2185
2189
2191
2194
2196
2197
2198
2203
2205
2206
2208
2209
2210
2211
2213
2214
2216
2220
2224
2225
2228
2230
2231
2232
2236
2242
2254
2257
